A1AG2,AFM,AHSG,ANT3,AOC3,APOB,ATRN,BTD,C20orf3,CADM1,CD163,CD44,CDH5,CFH,CFI,CLU,CP,CTSD,DKFZp686N02209,DSG2,ECM1,F11,F5,FCGBP,FETUB,FGG,FHR3,FN1,HP,HRG,HYOU1,ICAM1,IGFBP3,IGHA2,IGHG2,ITIH4,KLKB1,KNG1,LAMP2,LCN2,LGALS3BP,LRG1,LUM,LYVE1,MMRN1,MPO,MRC2,MST1,NCAM1,ORM1,PGCP,PIGR,PLTP,PLXDC2,PON1,PRG4,PROC,PTPRJ,Q5JNX2,SERPINA1,SERPINA3,SERPINA6,SERPINA7,THBS1,TIMP1,VTN,VWF
14.7169357845419,16.6627710774077,19.2037550693821,16.9149285452984,10.33601591500351,15.0918075922722,13.2683458925745,15.9685768596976,10.13205986508212,9.2795747343145,10.896098075046,9.3320819443992,9.28619007175084,16.987906488209,16.9334499482752,19.2750807112421,16.1729288662244,9.68619974022368,21.5163515763635,10.09784300435801,12.48653778528214,15.6787883432973,11.7234199768803,11.8849199093511,13.4048256782663,11.84085160970916,9.30758855526458,12.8786735727979,19.7899637916517,17.4225235491897,8.75806451167256,8.8787060505104,10.12848297032321,21.7336086756032,22.3351362877767,15.7022321510293,13.8601475640091,17.3484360548019,14.3297709261994,11.36868603305998,13.7708928716003,14.1084117122695,14.8029062664632,11.7430870129126,11.4377240768485,10.03328287756542,11.00107867888998,13.7199041312712,10.68674274610926,17.5669809202252,8.35130391156988,8.88576592684431,11.59536867525474,10.00520316805076,15.3450429280864,11.84687866342455,11.58815273770975,9.94786236638269,19.619019184303,17.6947798019084,14.2395937775189,15.1049670880678,13.5103632420379,15.4612031111352,12.412725398569,11.4354760833792,11.3980277309649
14.8614902652041,16.3741410526714,19.6029833541608,16.7887882175291,9.39102223751266,15.1325704794692,14.6224405481119,16.6669550107295,10.55724680225918,9.1515958654742,10.2902106653001,8.62277190457249,9.20969475008669,17.2853195620418,16.881030181112,19.2495675225748,16.4568222317972,9.81907692794063,22.5086871165358,10.46764505522401,11.58476182774229,15.1215618104522,12.0263455987407,12.8447472972665,13.3816322033293,10.82682689555702,11.63950543559905,11.4295752293611,21.331307301186,17.5907622791407,8.31206825828918,8.40183298609786,11.48374800037637,20.5962516734532,22.113842050895,15.5463788789603,13.557839787264,17.7560682326699,13.8681082949884,9.79429251359148,13.6058249782385,14.3079279588975,15.0471345670707,11.3236376608465,11.3712145972391,9.48194347772512,10.59172022698385,13.719522036395,10.59151651862023,17.029392640697,7.99885346180922,8.90174386392921,11.30036789786379,9.36232599576759,15.9531366931969,12.27351761436835,10.06584515836175,9.51242613237977,19.1707201650416,17.5110551958473,13.5835150521713,15.5719563024417,13.1599954797072,13.0667858793937,11.0494913028846,10.02925675221352,10.29008529884118
14.7020087805583,16.6173364471104,19.3920182313113,17.3834645737369,9.76155931843462,15.693655454045,13.6637360585441,16.0140019464725,10.97128223385262,10.02353348021536,10.051228496818,9.24746671771163,8.63986802380313,17.1127056651126,16.4955543638136,19.2424625243714,16.4451130355234,10.1573151189011,21.8190974943136,10.2370085585746,11.16397906637706,15.3090709386222,12.0840636347485,12.2858288629699,13.553776789999,10.74251441465899,10.21047286542112,11.5629576924244,19.3489635214024,17.846519483331,8.26117004209318,9.16570586433995,10.79071674046679,21.2134153403778,22.1160620343271,15.7642956309969,14.3182837228071,17.0612632677314,14.09609272396,9.49776200242225,15.1189090812179,14.2423072297174,15.0340666676657,11.557409515673,11.2139320728523,10.39256616287534,10.66223512692661,13.6969246960709,10.6720356468362,17.1435267973568,8.27461800769264,10.0139470261411,11.94035884185474,9.84179981983976,15.1493286100785,11.54800171013409,10.32375983715586,9.89782168882616,18.9633884344987,18.0123289720526,13.1877332994889,15.5562061741134,12.8285616412049,14.5117131434632,11.6745509976728,11.74824023065282,10.39144236438285
14.0532920800863,15.9929332789249,19.7280519306029,17.0881213580911,9.17366889533792,14.7676202624849,13.6323228633131,16.1171682396092,10.30441005597097,9.62801398359636,10.5186224209047,8.72248474028502,9.26899755593811,17.0822983348594,16.7396824931778,18.7694883355093,17.0299954916881,9.84939606486359,21.47306776946,9.6985575162136,10.88644513393176,15.1045965760984,12.1881624762961,12.2781855399151,13.2569156885377,10.10224210303896,11.19834840782154,11.6143973097774,21.1085758183025,17.2454356122563,9.32364624613547,8.62463862155442,10.48192500923704,21.2560111459704,22.1837672614132,15.4534553117454,13.8971316554395,17.5905858552894,13.7650860688009,11.13653784537713,13.9196714656261,14.7669331584966,14.461398459257,11.2912717008019,11.1892342100881,9.6424919744534,10.33892954723372,13.044666664302,10.9801962229804,17.0977801735427,8.1835410746684,8.86545586445644,11.19097108822445,9.16438501741051,15.6017631141671,11.09339410231467,11.32243784114885,9.75449270309462,19.1657808641081,17.2246315507229,13.1941880833975,15.027575740804,12.8298333700661,13.5206763792939,11.8306227280221,12.43320680496934,10.91260145001106
14.8162009107501,16.1087748657484,19.3303133108833,17.141129731586,9.62380976417236,15.4295982663995,13.7957234899884,16.0271987472686,10.47841703278974,10.15141694253771,10.7868027243917,10.38514536524347,9.00160011879086,17.6752933852786,16.6938284753225,19.5042369731436,17.1134861729535,10.20045885371608,21.401448027052,9.78319426787242,12.12856107894493,15.5618236410439,12.3398057208545,12.4536745420827,13.8757451263839,10.51472702364202,9.66473384061621,11.8722499281963,20.8239431098332,17.5605287722668,9.27095412634249,8.57675983071589,10.53121480354963,20.7179712126035,22.7112258980563,15.3941183828641,13.7037806265172,17.7055637360292,13.9303695271318,11.19205148955946,14.2060910095196,14.6112283248479,14.7095718387569,11.014135706963,11.1790840187664,10.1832565386308,10.94305587467274,13.6814539478369,10.02971041320438,17.1091868642724,8.51141678698065,9.54185513738186,11.4233635677773,9.36627158608566,16.082199862166,11.7745742607242,12.1904668714001,9.87256402545547,19.0569235071879,18.1795885190358,13.8678043480893,15.8088168459135,13.3827580230652,14.0753139483902,12.5011458277555,10.55174082244657,10.81607337374991
15.706270879172,16.1774466553713,19.6285724749514,17.3628448586343,9.7385774968117,15.531303357035,14.3475218942665,16.031141183538,10.82230348394125,8.82922636354648,11.1186743453677,9.92626260959047,9.13109088520895,17.2646815598392,17.1121093049313,19.3683914109656,16.9167847771565,10.39053368502664,22.2722016710431,10.32727204962841,11.73646590360941,15.3490481609953,12.355120922533,12.3598784284504,14.1373836566367,11.59929287303388,9.56566293245955,12.2371431868988,20.9072572340119,17.6083858111688,8.77734507212644,9.15003268239924,9.99156712417983,20.9896892288195,21.8448874130969,16.0372651283843,15.1961113045051,18.3434690412493,13.8249125182335,10.62919754153283,14.3335400150664,13.6474224438927,15.2875221759869,11.9692173940315,11.8542543142489,11.24836569517052,10.36973020634549,13.528143013665,9.85001541551881,16.6555653497063,7.88023065617478,9.39189033019788,11.546388067684,9.60473217681835,15.6551504947434,12.99785699720937,10.45588808495385,9.59529031727392,20.4896027630157,17.1521384313916,14.8726204248329,16.1085432426835,13.2568415721753,15.0869662211282,11.7162937800723,11.93744548311902,10.25577810488679
14.2971338588499,16.1333927179956,19.2732249536185,17.7727276265494,9.82708063564363,15.0112115564621,13.877259621465,16.0576337006982,10.08563731319263,9.97364066860091,11.3672322824717,10.08464461308153,9.63392880694896,17.4397718947785,16.6634565315123,19.3341602031901,16.9960850452198,10.12655677171543,22.099118836924,9.96770364683549,12.75070700906283,15.091063116421,12.5168561114177,12.6688619317584,13.2560144312785,11.60847339829568,10.61577184056502,11.4646438459758,20.5361170317427,17.5686392447203,8.44280630113656,9.39696388246325,10.9406616406583,21.27668470556,22.4854506084065,15.9624686259083,14.0528108483362,17.6619775346102,13.974338635981,10.72124134854744,14.7038915848134,14.6731056966637,14.7685401706161,11.5133027193594,11.9370456746986,10.025400570772,11.04411263999508,13.5095982780672,10.13530598160808,18.0725036310382,8.80270868731436,8.6082641363046,11.93786545222804,9.40460358731964,16.5105678280734,11.16935009067181,11.67710651449504,9.35056285163324,19.3670164161284,16.8793172846464,14.2553918797376,16.2584427824267,12.9375063504893,14.3253234475661,12.6527542004389,12.72955070242774,10.67632419103696
14.5001576451647,16.3660657699859,19.4644269431336,16.3607373713238,9.68822417831087,15.0705949111229,14.000774620052,16.2775471399476,10.22015558845204,10.03178515412644,11.2489626553271,9.80743285200529,8.85241446152892,17.2020602895636,16.1786501035741,19.2868293617592,16.7323152575284,10.31423552828143,21.4546060556979,10.8079578810008,12.15983120398684,15.0846810035058,12.4795845736757,12.4873949678184,13.4967835976343,11.09794708357785,11.38651354223932,11.2964234915556,19.8542593582932,16.719303110813,8.31541863122763,9.02713151863151,9.99685313597623,21.1518385623667,21.4927797207747,15.3902789653612,13.8028700268736,17.4699138967417,13.9612329829544,9.55162982395238,15.106511441834,14.3977943847416,14.9942420579649,11.6348140632412,11.4382267234862,9.63527651967914,10.64692547695995,13.8298813861027,10.21555866196615,17.3213169426679,8.21326768399773,8.05841780098665,11.53268090862671,9.35285913959498,14.7632545929606,11.4841076406822,10.17969551323898,9.6508030673003,19.9787653905024,18.0673916057841,13.1478042956169,15.6962204986398,13.2942143874353,14.2239037244708,12.1939003180164,12.00546802488406,9.96140658786177
15.3700405107532,16.0842258838252,19.1884117660455,17.3012280436152,9.65694237704476,15.6210004736132,15.0861031393191,15.7171304382295,10.30566767303961,9.11900891661358,11.1534019471276,10.24255985975348,9.81046155662565,17.5487793175177,16.9596205442738,19.2343314632318,16.4942039086137,10.51920591753879,22.2298962477943,10.19300341305048,13.25100224990463,15.3683224732584,12.3589036739472,12.1618421754694,13.565809775134,10.98782328838617,9.90036532883506,11.476049953987,20.5189400643117,17.783931403653,8.84046183398216,9.99477335670431,10.85526303976006,20.5029676748129,21.7406432412698,15.9182891191806,13.5013224917296,17.7479492393987,14.1717226416871,10.89435169619937,15.6320937685897,14.5245558079819,15.2671422769765,11.2747013241353,11.6831473928708,9.4235781088634,10.44795282991883,13.250293114621,10.67043537060641,17.6838620571187,8.15728060766904,8.15097826905057,12.11977589225973,8.99143636532717,16.412285705191,12.47686191512189,11.85606295240103,10.42728817574588,19.1588297048345,18.6488740406201,13.82659304296,16.0583942664804,13.0572417474162,15.5825685091197,12.1110679733422,12.63149395477354,10.52475807722579
14.2702842492003,16.5710696205665,19.4363003757066,17.2419767157519,9.49138740354892,15.2977155654183,13.853554946759,15.8029118787024,11.26487566495585,9.49851311696852,11.9800265199345,9.49626418729738,9.44586530812876,16.9685101593439,17.0223849414852,19.2309097831919,16.6967393284468,10.1470866042516,21.5587400090104,10.48349632741527,12.93543236990851,14.9087262866396,12.2552013150402,13.2117244286251,13.4578750407357,12.36075699826555,11.90065398985132,12.207162383011,20.5169542679486,17.5694113873921,8.34909346682664,8.88332610623278,10.01812039512813,20.2185187462143,21.9479912653997,15.8447176462465,13.8234327789427,16.9238064530705,13.8956910417192,10.35345103573683,14.7411213829123,14.3795032597871,14.8033667315917,11.5335514682923,12.2056153425525,9.61522374581642,10.57316038560526,13.7446803870602,10.28850255961376,17.0037819801046,8.89083291922936,7.27694500132636,11.30103398483888,10.25332248927059,15.6287384774731,10.73330924384921,9.96015898306888,9.21911402416835,20.0928089101763,16.7820619110516,13.1956615508357,15.5844800784545,12.6535352391425,14.7733353493239,11.5438957445015,11.9878813163104,10.50907423662396
14.5375983560658,16.4617240099654,19.7624636598707,16.8883272618302,9.55883169938582,15.0753994512106,14.0196021363571,15.9070652506602,10.27208018723884,8.87308740793604,11.1469327214824,10.24307978209835,9.5761746547069,17.811549475397,17.381798505759,19.2292061593173,16.421060783199,9.95546806815141,22.263232284464,10.46708099615612,12.64507980249513,15.2267584618814,11.9200511496607,12.5876682740771,12.9480718229906,11.25794372605854,7.16040071098521,12.5452632711595,20.7378155038019,17.3714473857478,8.14333944641725,9.55214344547316,10.87501290119642,20.9496511639941,21.9708859299472,15.1763715939214,13.3340006504419,17.7237407472262,13.6209643801586,11.21354062265893,14.5877320056689,14.3267758367941,14.3704480437252,11.6074291386109,10.9402725439072,10.30025496664959,10.85629558430683,12.1676987043452,9.86321781437269,16.6410836978942,8.10238299256076,7.62618964454483,11.1003396428818,8.71023809332001,14.3394545050481,11.56495703159855,10.95453529892246,10.55146227640398,19.4874622341544,16.6285908103057,13.9480913260157,15.2782073048909,13.2825271508226,14.5726438152193,12.3459628102375,12.72273099223618,10.81175777255105
14.0722319701884,16.0242591025824,20.0125466971128,16.64923185596,9.45087310889318,15.4549483217942,14.4252754273972,15.3956788746895,10.52372242747487,9.35343966900823,10.1520053320548,8.54850531844353,9.42841903328133,16.9998192253916,16.7452729980751,18.9769176697452,16.2455496181055,9.87980409196923,22.0165848880961,9.83626675722509,12.52244768423758,14.3808359724693,12.1049668266289,12.282090278358,13.343551133083,10.94538082036808,10.33222813251749,11.3619427817777,19.33904767496,16.6842591559658,8.95925043091386,8.86263502715595,10.48166283498566,20.9293797073862,21.6543958339119,14.9387213996127,13.8518107111191,17.2920191914755,14.0234545980622,10.0741520884994,14.1394808607292,13.7236850542554,15.2254047672524,11.4282192729003,11.3186983518436,8.84045550410106,10.80488832822679,12.633308114275,10.11006881951296,16.3496503938084,7.70835766584074,8.5949899556679,11.25947210560916,9.32254921714638,15.5454098718498,12.66255930386231,10.14563190391029,9.44227507033254,18.9617042121202,16.4935064769554,13.5449038036637,15.1571639740955,13.0927889485221,14.549659713376,12.1684306783337,11.9334913846881,11.06388490192462
14.5540011817028,15.8752530800633,19.7006905533069,16.8943284664781,9.36670441296577,15.2070703983549,13.41151934819,16.1477556222122,10.93541230091891,8.90223341494854,10.528548934938,8.98213700176286,9.05955724800419,16.7367159402496,16.7981944413146,19.4071283141363,15.7001469845963,10.04307370287751,21.0826768131278,10.01197061547962,12.12964882778976,14.5663612909627,11.4333332937375,12.2346124616161,13.5079404046075,10.30914642632739,9.4541474357479,12.3344276020946,21.3698017645868,17.38299772297,8.22168235108789,9.77028080960522,10.51642163881108,21.4573520242602,21.7166458367623,15.3843827754112,13.7525337358361,17.3404438763011,14.1310933114112,10.93140531653839,14.5286054026747,14.7631703365551,14.8970084737307,11.2913571482322,11.2028511722276,10.59506990874992,10.46727525120318,13.0144205552038,10.21611508951252,16.1519916837022,8.8190392788945,8.48042640435047,11.21416709282117,9.78247316605541,15.1184625068632,11.16956282432363,9.98602915035163,10.0111173745084,19.6435173671716,17.0289592053275,13.8176437355199,14.9445025842885,12.9617620524062,14.977329128883,11.7679819865987,11.55859034496616,10.67765048083468
14.6041410034342,16.3491355897881,19.3439892171917,16.5665727043174,9.4406614845459,14.8866427761297,13.0762477672693,16.3633262300692,10.58023849497539,9.3546864873983,10.7567686774287,10.41322517914098,9.38508639474222,17.5343112729106,16.9688478706292,19.3869685096716,16.7550569586305,9.68671691357212,21.448514859602,10.06548145590989,11.8429758147574,15.277544723087,12.3728283870312,12.1672088468941,13.3712482830486,11.71065213689493,10.7059792931567,13.8172648404082,20.5178075723221,17.3989944537329,8.86150909812279,9.12904338996248,10.75255956422783,20.9013457513812,22.2209652812027,15.6632591895517,13.6772033650086,17.3854568121308,14.5691670127633,9.17277237202936,15.5213112051742,14.5721701451144,14.6561933631481,11.7721245747586,11.4124649175967,10.65103698922457,10.71793045381228,13.0803106888684,10.49528052661284,17.1919477792413,8.12197154578713,8.78006790929227,11.23163642930648,9.67015820278284,15.2982810139584,11.49354815907475,10.43402073254193,9.73717200046838,19.7354731962533,17.679181528547,13.7690154449553,15.4841432335785,13.2861528016263,14.1921921649731,11.8182512363901,11.33223338822378,10.54916882717049
15.0674985133349,16.4870064190087,19.4123461492097,17.3784510342474,9.70305926801286,14.8972819151891,14.2072772232045,15.6360108823902,10.87791325744488,9.84318713185985,11.1490163535096,9.08262237918721,9.96703227748322,17.1525688916386,16.8289907093521,19.2364136816565,16.700901015708,10.47313042637196,21.2316167551305,10.14500829030196,12.29487619561669,15.1306238124962,12.8041434455117,11.8060567677025,13.8024839973036,11.34389929714279,10.99148076550146,12.2982771567815,21.6016331213278,17.2211107914184,8.4809403810136,8.78959581111702,10.80355860315954,20.912131385366,22.7489111351458,15.6183752770874,13.549240265827,18.0273149001913,14.2239900237343,9.79957587860294,14.2997297055547,14.5832316024595,15.1201707335546,11.8874210912998,11.6531099627074,10.61469251361296,10.79618054209756,12.9656191194054,10.43640879836675,17.0684064290788,8.11839138528204,8.6699179487495,11.94571693757418,9.58639574830701,14.9143860195912,10.67653436046211,11.1714050886222,9.75267007085109,19.1453730879874,17.8868026243781,13.8434177246873,15.9094118180762,13.259757005924,14.6786145983284,11.3024909576219,11.54706431470911,11.05606957486466
14.0449589753032,16.5830472373102,19.5750643331882,17.4785721783244,9.30170837123004,15.8400371293039,14.2059101298325,16.1485094002947,10.53871296713506,9.35061471634934,11.4353690619491,9.84750234651416,10.22099222941955,17.6269763187191,17.0739790981145,19.5053836022623,16.8325949615564,9.91606059181046,22.2671663752608,10.89919545319108,10.64805915714784,15.0022022911564,12.7973467408639,11.8128787463216,13.5940389814203,11.01973484133315,11.40815234226657,12.4999313562552,20.4617324131071,16.5508662672353,8.15819376509392,9.53583391559654,10.44508005056275,20.0782222062626,22.8341835625809,15.6671059551527,12.9510904037286,17.4233501799774,13.8299745091856,9.92852109723892,15.1613540656184,14.4957873471661,15.1382673041838,11.4638696756191,11.1645703511982,10.11851577852002,10.20496608011225,13.7643881530928,10.61446314566049,17.0311576186356,8.20900032142541,9.04886833271995,11.20335589333901,9.30176831322296,16.3084233055886,11.32595116449308,10.28686080837749,9.48221569680246,20.1738622788874,17.0163477132009,11.5855200859888,16.2618549882174,13.2310822182499,15.0676285250072,12.4700143195995,10.23817223169016,10.25496639806717
14.5980725312929,16.1692811851173,20.5240756039941,16.7146795781654,9.53311901082946,14.7763897607406,13.9917946668965,15.5758031263324,10.54575368554386,9.91094640920672,11.4569641595591,8.73810341862723,9.15194117914319,17.2958630804058,16.8695387144416,19.1478137751179,16.678636955841,10.45957494945364,22.2625552301017,10.55731392448068,12.18341286159834,15.2497772631338,12.3150432222443,12.5624743857061,13.6170188691021,11.00725747553958,11.27269911694285,13.3011903244598,20.4396894025272,17.753082672251,8.05119503843566,9.06564843952687,10.45765681645631,21.1123559125132,21.6421009437593,15.3285692204353,13.9416361018922,17.4310743656965,14.0232437947668,11.96286740042015,14.5957638855228,14.1837950169166,14.9145113056036,11.6973695230214,11.0731945800756,9.44856262301603,10.20534329053364,13.3881770160738,9.88147867132984,17.5434378412612,7.84137190388925,9.41351849058018,11.51089271176213,10.16672738914051,15.0485240155719,12.16885879916894,11.41981339040956,10.02416908796233,19.0500345969426,17.9585856017734,13.6777742173701,15.860685696559,13.4529528703614,14.8944092238203,12.5488327298948,10.71006081504769,10.35045720654906
14.6662000023015,15.8476194750176,19.9161964848957,17.364680748873,9.33122918778504,15.5573047313176,13.7324656539437,16.2949979983326,10.04999962044487,9.90999322588484,10.8001357846328,8.89690860166361,9.27811148860766,17.3540906697971,16.7648035827162,19.3568808927634,16.7999671521325,10.0052109946384,21.1954694321512,10.31648757766637,12.09755652227553,14.643669958359,12.6018716441053,12.2458712375923,13.1104274319169,11.42725798004855,9.07727758158222,12.7714770271931,21.1514973388593,17.7328109580517,8.99538994557688,9.2171639127815,11.03807522104029,21.587518621387,21.7473780987745,15.4123659895114,13.678062961819,17.7567994576082,13.7883213688849,9.90801463380927,14.9409387340047,14.8554783960867,14.6349368283253,11.721245021042,11.4464485955379,10.57054119229825,10.78726249467807,13.6460363626258,10.53326253344362,16.752743454441,7.95546796278635,8.21908761951665,10.80758122170062,9.55733059491525,15.1670018529414,11.36808576332808,11.78291888918423,9.938420970598,19.2704823258954,17.748629931988,13.8871203485761,15.9989357550484,13.5609865453902,14.7071844212869,12.6085248905445,10.94897189017127,10.76108216046638
14.4463061998247,16.4926358321669,19.7538933292734,17.5793405749204,9.44145093317311,15.7582139520855,13.6244797885553,16.6368098597212,10.03378152629986,10.35269025868271,10.499596454336,10.49456023918452,8.41575885114701,17.3979271612952,17.1647839936137,19.3092702796403,16.5881695172656,10.54120234707088,22.0087197956053,10.91186095709436,13.73382365241954,15.247074159144,12.7893239437324,12.829706846724,13.9948404221513,10.88832741902302,10.9706093404072,12.365475183157,19.9996120647814,17.4740706070806,8.17785444886646,8.81733293845536,9.84985386804825,20.8022431929876,22.6728821477587,15.4391798205576,13.3418071864871,17.7147329434483,14.6059468818282,10.1921967666266,15.2205391132508,13.9310944947908,15.4066959183889,12.1424023785199,11.2194717659917,10.38822696021446,11.10829453016429,13.2501857728487,10.16280473106417,16.9564143128626,8.19609731835902,9.83096028327298,11.16582728955614,10.3818413011568,15.7365533860368,12.15361262324426,10.07319329246502,10.64084351282139,19.4956621619215,16.4935989235627,13.467576774999,16.1006304583625,13.3739889268836,16.5971149839579,12.6299908283432,11.2589826381686,12.11178062044824
14.9788855811799,16.7082055569075,19.9246528838931,16.5952050602832,9.6693619772282,14.7529778138306,13.9912258324324,16.2373444164412,11.10372087998842,9.46036214887755,10.7334135845471,7.77705218139514,9.23025881044677,16.9553593671529,16.7931630295738,18.6557444705562,16.2977437396337,10.11005211512458,21.5003707894556,10.07564403669912,12.73487784873944,14.6547492845268,12.4779357771334,11.7606359346212,13.0942929675842,10.75802090159831,11.01227814857445,11.8569060940854,19.9877236784997,17.4826912383691,8.61975065723095,8.73385024111624,10.74446264169039,22.3366878862225,22.9311878985098,15.6147430410566,13.660182835757,17.6538587424838,13.7110085243874,10.62531150959871,13.6752392291927,14.8403312469415,14.7529350597972,12.1511733566824,10.5909431489791,10.43982285782763,10.47466102677731,12.1145656937009,10.14649931372164,16.5481019309486,7.70819065313679,8.72585742142659,11.38240953122429,9.68849975584914,14.9849202547638,11.77116177238682,10.77075050474852,9.86775796455354,19.2647990475889,17.2564604479064,13.6376411799135,15.8301987871846,13.1897243790769,14.8806968173567,11.5226110863188,11.85807492647456,10.71684837635747
15.0260343537604,16.192416008734,19.235794027104,16.7634763390126,9.45923799154792,14.8556914341652,13.8737786404124,15.9522149828085,10.71606601469629,9.68746250775556,10.3002420069393,8.93628317468117,9.80798068870806,17.3881379559921,16.6533076450369,19.5444773466965,17.1684720546338,10.58143241663495,21.9787450671825,10.0718734900252,12.63046499458363,15.0331063711409,11.8161103294883,12.5321562576734,13.2579899068964,10.79036833676942,10.95167387363208,11.8244440714034,21.8710981635549,17.6269584813877,8.82650369123893,9.34840907228426,11.27255230013033,21.2068469931914,22.5593058774138,15.7222053057041,13.7249044689343,17.2798068259261,14.0524619560284,10.18343675193306,14.9261237963625,14.1489575322468,14.6804744306568,11.5489386865107,11.008085006298,10.42892649504881,11.15773850328892,13.0614005701231,10.47240463704402,17.0798036798226,8.16514829482418,9.32101450256518,11.66969923214806,9.71073987910239,14.5375645273837,11.9404763614141,10.89599161633002,10.51180055903026,19.3203399504883,17.4697459576981,14.2532257227014,15.9305732767544,13.5953643660962,13.7073795042684,11.9933235654101,11.77390341724143,10.71111189654
14.9077587257649,16.0330986029184,19.7217657319612,17.3726607497839,9.81753113194009,15.6065748319757,13.7507858956822,15.3077083158057,10.55957293842612,9.10469885611584,11.1220912111619,10.10342001464942,8.8613369214952,17.3290595320625,17.2704755259411,19.1604088726023,15.7124121953574,10.15197379830826,21.4530611039299,10.53962920705278,12.08777538960841,15.4231951501376,12.5657737051743,12.9165120460732,13.4448610274425,10.88141860954202,9.8087200355397,11.4096182633328,20.7922395865626,17.0032293843357,8.35938913110577,9.27010209878504,9.95788443710448,19.9746042234286,22.4829604667012,15.7558180503805,13.7258907425928,17.5971788085703,14.2255379292061,9.83861157842022,14.0312259016006,14.2041196538771,14.5761926191686,11.7385234135923,11.3408398875109,10.28833001811981,10.62556680803781,13.0519629098716,10.52693185969149,17.6778183879594,8.22042584909272,9.17256823212218,10.987745293661,9.82814799771025,15.7637169691908,11.37132881260056,10.4535494809666,9.8433641463354,18.7906616521984,16.8943634909675,14.4604968442552,15.522329875095,12.6219443460322,14.2125334851224,11.5519344812328,11.60701004829532,10.90698808740673
14.4035902014554,16.2107360992109,20.0053001921181,17.2468788581481,9.62959585430069,15.544649551753,13.7773292715163,16.7364197272951,12.17271738734122,9.43595921912487,11.0346354643975,9.29508875120378,8.66450814624735,17.1624453162704,17.100280122043,19.665658157046,15.4202197576028,10.83637784372748,20.567014249723,10.45230105453148,11.31170290494029,15.274057611179,12.3070825351691,12.1237443173109,13.6347947190173,11.26462334643352,10.28441595657352,13.1160632901851,20.3225663397641,16.8277946171686,8.36183495806753,9.2563810626483,9.75981547737723,20.3263248259685,20.9960564836022,15.2925814164744,13.2778190030848,17.5574285038847,14.2685934992566,9.55422889837291,15.2740267039972,14.3231653968166,15.3284936324293,11.6916505516428,11.74114583896,10.5237338456067,10.86261880353457,13.7865724263025,10.40278629182087,16.3373902626289,8.37324482066916,9.36286248930947,10.5527526260384,8.91390861903965,15.0526130453936,12.10150744209894,10.32350956223573,9.96448503115866,19.9197759385046,16.2709028173634,15.5373885518817,15.4810095076679,13.0509379903879,15.9046415821136,12.2065217305244,11.60737543240114,10.79145968377601
14.7294168062157,15.871101346583,19.3241270048649,16.9380246746277,10.27330722613157,14.9512440539984,14.3859650040479,15.9617858298773,11.19636871870084,9.12219937133244,10.7632511756053,9.71938907761808,9.17255140482264,17.2900161103442,16.6713612393051,18.6880696051851,16.7390105146685,9.99774841341028,21.8331101423522,9.93895876953795,11.75245220857032,15.174664586888,11.7599512290149,11.9106709435245,14.0129497072251,10.91505065323712,11.67421914256698,12.389485727402,19.6578877880415,17.9692236221876,8.57890542021595,8.57373774076456,10.71798864174283,20.7029280719929,21.6871794916509,15.4533527747319,13.1729322235388,17.3646709123409,14.3085305634943,11.36296130384255,14.2280305747853,13.577704746366,14.5585444415276,11.2182000813431,11.4402700730823,9.11688446972333,10.19451314494724,12.5450502433521,10.24756728878358,16.7069310776528,7.66518618884916,8.45885233097026,10.60084105490582,9.39060860964215,15.908833809694,12.27882546519744,10.89227686239253,9.82384095221846,19.7434076702907,18.6764438933035,13.5800377578388,15.8702187478066,13.4244404068456,14.5547982781669,11.7881499579144,12.52382860172898,10.9609737374084
14.7674848898666,15.939863037758,18.9603789494631,17.7121277667814,9.6126846396206,15.3084209433177,13.7598488080903,16.2392886965097,10.59597800273506,9.78141561408751,10.6311956810747,9.88453462658228,8.67004778016125,16.7240384591582,17.3014980535783,19.4454142025834,16.6026246614762,10.29307441831343,21.2566218108043,10.6082474548183,10.65478791410118,15.4208341836821,12.2140599520501,12.2007813472237,12.91516931894,11.5905172148083,10.97205397244764,11.1046709292047,20.6767308693498,17.0908963565451,8.37961646901749,8.29148375088947,8.86937140530688,21.291810102673,20.3053657726834,15.4732838986115,13.540121432461,17.488321720595,14.0691041496353,9.79776575751358,13.7135253838554,13.708013546869,15.4059608050543,11.4762100064892,11.4995622745152,10.00365774647714,11.16454215376172,13.1581930686365,10.55230446173384,17.1617648205263,8.04992429490207,9.26947236128537,11.59486870256948,10.08263810247068,15.8439721019451,12.49592429256359,10.20961432020589,9.34821844469638,19.8206042243245,17.0841377446016,14.489356761567,15.6440554947318,12.9533406706485,14.381156641956,11.845253106222,10.70864900007228,11.18009403418077
14.6854245629965,15.7385607771963,19.6635850347165,17.6878414100728,9.26808464124575,15.176075883613,14.3033304786325,16.0883239629465,10.28088948089226,9.46267563435973,11.6158892707208,10.06502179460975,8.92498490386517,17.7507559761297,17.3838046584726,19.3280312501791,16.5246233531534,9.71457706407686,21.8986110499644,10.77134224644302,12.08932403428119,15.2105101305032,12.5583103490058,12.3304851215329,13.6347226367014,11.10004571047965,11.90274758782257,12.7212287276349,20.9467547436624,17.4646064250979,8.3980343612986,9.22266383225038,10.97405855468976,21.3355532392761,21.3548607259083,15.9771291852554,14.1782015785194,17.5289705921407,13.8672865412771,10.23077633740906,14.7344326137065,14.1342398240234,15.6984938346876,11.6355818144083,11.495669130932,9.69594831969249,10.25992348573246,13.5190854248601,10.70793236311306,17.6959047311889,8.91814439347717,9.2948197354945,11.96197797411905,9.72824473994768,16.2915723742268,12.76908089256473,11.54624630418604,10.6129434345453,20.4677863945935,16.9318365027496,14.47960076977,15.8759953236516,13.2299965325568,13.1285482492982,11.7971339129588,12.99718070820386,10.54144174908396
14.5088118548315,16.5095036572977,19.8569039629434,16.9727542717411,9.58498925013889,14.8968159643924,14.0958858548072,15.7710519019115,11.34138477838571,9.05440393317987,11.2278382204162,9.80555458422507,9.39160264170289,16.911571711158,17.4493208953736,19.2640966780167,16.3658542381464,10.63135071020887,21.5969042673404,10.75420325088378,11.77023655756206,14.875302608939,13.7647529436212,12.5228279001521,13.2701929723794,11.15580680667856,10.90627221166762,12.8075200953042,21.2028455015792,17.4991454036734,7.80461295584355,8.89169323815324,10.4399290676124,20.1240740364474,21.6864201984338,15.4004534879946,13.9523262652868,17.3466147100314,14.4784263252161,9.40386079147258,14.84077138969,14.5139032886877,14.6726397821466,11.4356607737653,11.0568386460064,10.1981568646914,10.35826395072252,12.7884419420594,10.51696765154697,16.5779422261269,7.89271438133713,8.42407577630333,11.35696080936771,9.65875993000276,14.9996121676136,12.0736638619795,10.60922598879484,9.9314364445556,19.124575623265,15.965328067916,13.3753420803197,15.6288035276857,13.1283852644613,15.0287553773853,11.9088547655965,10.61821357328478,11.05610503936094
14.8562909312304,15.9830665960498,19.719717974156,16.6216351744835,9.61790799937367,15.6618502486857,13.9874484302899,15.5500104655787,10.12793037263361,9.20447822476608,10.8228698309752,10.15412068098754,9.08105799335788,16.9841659154097,16.3357599940756,19.0153650955367,17.0174543888676,10.56287181987694,22.0758870612432,10.22959840850783,11.36265460141955,15.1629485630161,12.4729086584483,12.2347139402079,13.0907212404619,10.2350381312693,11.14204260017784,10.5461954210972,19.6651480434489,17.2863216745397,8.29166148846019,8.66587727734387,10.45443331592349,19.8672119112787,23.1003614477613,15.9602288968271,13.6663077554538,17.3599819148055,14.1839234845662,10.29058625787246,14.6737856698317,14.3715915615056,14.8177517022368,11.7981792234378,11.5485969104834,8.26691447850932,10.62905387255446,12.8431770202914,9.91588856612096,17.5810581486904,7.66917672331883,8.54152519468254,11.30378674114267,9.73936838030524,15.9053947946714,11.44996449921705,10.21206487588431,9.55952753606072,18.9694311521174,18.764309760689,15.9714118897659,15.5152454107824,12.6821720981786,14.9502173010404,11.3514602864814,12.6729325452381,10.6416352411768
14.7255628995844,16.0352510157537,19.4064265018436,17.5309445742337,9.51046701948815,15.597941381563,13.3985436193192,15.7708928806908,10.80311442716742,9.39064469121017,11.498061129459,10.12596465766108,9.5062010526594,17.6194694159101,17.3434168733644,19.3260404844146,16.7391952526495,10.99225962137472,21.5834406270383,10.65345956257248,10.90857773395818,15.7286671493966,12.7252606870211,12.6219494533019,13.6891654775089,11.10763552272507,11.42549776229311,13.1157428329949,20.7431892676761,17.8358119772109,8.09887617364827,9.20596943490144,10.92140708684986,21.7379918244646,20.7435804036364,15.1173301811988,13.9369640256042,17.6718431723926,14.2379504109945,10.19188701588819,14.6695367278144,15.0431514304902,14.8000738754362,11.6899466978769,11.4983770682405,10.345477599003,11.32396472954609,13.2905291375854,10.56286766949205,16.5129363690657,7.87225915712271,9.55234096247372,11.13679593518424,10.11863905108671,14.3770573614462,11.71626132337862,10.10253613437024,10.07002520020227,19.3101977055428,16.1836083596822,12.2737599018192,15.7122246081702,13.125944896278,16.2018249876742,12.4460862827575,11.46278299609764,11.64938247363075
13.7271478395117,16.1969835029484,20.2394651056216,17.2250126057633,9.44645502689266,14.7313751525389,13.2518159653283,15.5045386971198,10.77133378834666,9.70554635112299,11.3638689360904,10.15794920508442,9.26601205660028,17.0202738505324,17.5710491759723,19.6242658474546,15.4178272856539,10.08939482954868,20.4257824470531,10.05002484814811,11.68355433193333,15.1567034928309,13.751937529333,12.5446817361177,13.7878731612214,11.62247997942619,10.32202172569976,11.3684773262644,19.4747923581789,17.0504570156708,8.24378317792002,8.82368924872171,10.16283839208959,21.0907412542726,21.9066127555511,15.6503235373698,13.4890749058959,17.1186685209618,14.4483031292909,11.26295597578054,14.9566549321218,14.671591877333,14.3900783498887,10.9737061925487,11.3298885617233,10.08345775316042,10.68296533015487,11.8519418948183,10.14371197121331,16.8775461301043,8.3747936436181,8.25672477301217,10.22157167802703,9.80024405841457,15.5402646835174,12.15043686701484,9.98831869066835,9.63980804100238,19.768432962417,17.1182008892216,13.9859353561359,15.296251446918,13.0274528813083,15.275386708025,11.3493237576264,10.57300410272672,11.18578979658226
14.0358231722324,16.6811847726101,19.9987338615775,17.5943712199352,9.37230651420407,16.1122411627741,14.1315563441372,15.9449095420199,10.38227878661453,9.33009699282207,11.6999063641696,9.58940674528131,10.02716676147273,17.0221754031998,17.400186270034,19.2678695104314,17.0229154325056,9.6210387260021,22.0113073505455,10.24668024810886,12.12035415000408,15.2740318269002,12.4233429430247,12.2806323588787,13.497734732253,11.47278652632174,10.50169925252254,12.2831080772412,20.3106690379878,17.7498168306359,8.47619199658239,9.91373728920024,11.11670120834631,21.0640934423983,22.2415470450744,15.3902055481522,13.3937928212941,17.5755613561617,14.5927715947046,10.41448156167735,14.7906365759064,14.8020325033296,15.2037214214945,11.563975803476,11.439534472567,9.90060432281319,10.88919659091625,14.0509988343451,10.4710284425861,17.1867595937424,8.92614670915562,7.95726509163134,11.15162260079165,9.84350883997984,15.9523836992028,11.99353311479698,10.41230173873828,10.10601592851856,19.8224497345511,18.0337917235042,14.3467054065491,15.9559819781862,13.2436655881235,15.8861199201492,11.6561432818362,11.22689443998868,10.35842819745257
14.2616415512126,15.9868631822442,19.846096024658,17.09193493962,9.80059628057552,15.2405676902192,14.2285541949163,16.460812384938,10.51259559267784,9.81817477977802,10.8151956019807,10.16084397238271,9.84888746849039,16.9772598242608,16.827132204807,19.1599190392675,15.7545831953497,9.91742786146462,21.6659160996685,9.8074860753672,12.14629054954029,15.0290181178734,11.5556379868933,12.4511845168695,13.5713023727988,10.99634511709759,10.54785247084692,12.0467221918521,21.6479755112153,17.4987062646607,7.99802689341446,9.09515995232691,10.71179723075316,22.6069565463933,21.9410703198551,15.0548284028197,13.4335171092192,17.240354975326,13.9212298080695,9.24112703002503,14.354049061926,14.2245241681011,14.3707347189041,11.4062787963599,11.201937784088,10.38135282384792,11.10215578624584,13.3072578815159,10.29733611651088,17.4232206447245,8.26356379505471,9.67257851978505,10.92874060115884,9.28900577436022,16.0943906574376,11.24693192165416,9.85486986299865,10.02589950285015,19.1652441626156,17.5643899623128,13.9996328791749,15.4411335942994,13.0898085593881,14.991610768213,11.3041185284173,12.12582007336394,11.28399762018751
14.8515896450858,16.1966972691151,19.2860820238922,16.9602468329565,9.38233673057139,14.9901460753233,13.1397355423772,15.6147619258022,9.97195344241476,10.08690879170074,10.7121231094855,8.68183304032766,9.09291894527756,16.8285906036207,16.8041851879211,18.7718543080834,15.8826913643358,10.34179137896211,21.7139493249567,9.86902395726226,13.12545434723256,14.920035163256,11.7596677044345,12.4494959794624,13.5796125144864,10.11266626985502,8.49816199994568,12.017821265686,20.2057556932805,17.389681547222,8.51314355996961,9.14930433550214,10.29920708106218,21.3179492912064,21.9189731078181,15.5206757703315,13.6544006790177,17.2876968856414,14.1792633125497,10.28975534689524,14.2157125422407,13.6025231899303,14.7150799529911,11.8050547772501,11.214431940387,10.16961590435114,10.28339819579892,13.0939767714385,10.25307339080488,17.4725358161426,8.16510642895274,9.13562533639858,11.03461201014355,9.73790111981091,15.4560830801001,12.04194676848312,9.75895263819768,9.36107897874412,19.5765535343101,17.9562229831214,13.466154588548,15.3140991318507,12.9889699103218,14.322267447763,11.0757647171278,10.7970287350918,10.70205494440981
14.4159979848136,16.3074392368535,19.5860524621252,17.4190255337622,9.80345542193039,15.937375531749,14.6458068956594,16.3352198678623,11.00286562470263,9.98420011549486,11.6663902446632,10.25569565445495,8.82836508461661,17.4427634675148,17.2625068390001,19.5603302781041,16.8009524351883,11.05304952615589,22.1554921508286,9.85700740710413,12.18935918961577,15.428178559384,12.5465768001545,12.2245452947663,13.4247631913613,11.45094258750451,10.80424997353124,12.8715310618862,20.2495827803059,17.8171113158373,8.3117266255558,8.85340775369553,11.04396443846375,21.2173431716366,22.1239867888426,16.0253496386214,14.3577840499038,17.5397012402402,14.0352428887976,10.52457072315357,16.0444537825586,13.6562943788954,15.5873031953847,11.8015596355488,11.0802273694579,10.78060738727931,10.58238673448362,13.6477848109297,10.08387713235524,17.8416792500179,7.96319982112354,9.76611368273175,11.90234996050071,9.02718774764986,16.303861302728,12.32971444036768,12.36330083559386,10.01259499844711,19.8595319422077,18.0128762021202,13.7057458910246,15.753841933096,13.6260499429786,15.1248342485974,11.8694422290679,13.88251265682707,10.55437256029628
14.2901502093932,16.728738078823,19.7168167380668,17.3945133415352,9.58915824049967,15.7961072043184,14.697309190336,15.634238190641,10.41330589189043,9.72142251060976,11.029817457278,9.86444826572801,10.48061630760619,17.4147073223287,17.4219260692151,19.337186604906,16.9422626761669,10.60295351041402,22.3186341736006,10.55777491442038,11.37881506806389,14.9349919883014,12.4140695399791,12.4864408628736,13.7379856455566,12.08140120047196,10.65752397259113,12.1371649796035,20.2995533300751,17.748644908401,8.25848287147052,9.27646113968841,10.89748351887847,21.3441725726776,23.4555422060232,15.4995686068032,13.8931364198955,17.6199781750229,13.9040252587943,10.49889139578564,14.2909461123179,14.4868104692746,15.1207843574367,12.1475067285749,11.7619360021848,9.93621754558975,10.27667080108081,13.9167916044261,10.56582109863408,16.8290149938121,8.42175272866053,8.94870197543506,11.64883473864506,9.82502197503623,15.3682195327778,12.84726260614098,10.94554833896668,9.72466389398149,19.4198498823111,18.5749534075535,14.4240177067041,16.4321054646466,13.1412499964139,14.3124850859119,11.8629500598143,12.74091754674178,10.61526114255813
15.1406352654644,15.9707922837122,19.0927296260265,16.8237470597874,10.41392699743766,14.9507025588595,14.6193310067338,15.5883037499791,9.67979469167813,9.39371240814982,10.8039789896028,9.99808424752654,9.58737299928281,17.2259892512067,16.7304304804361,18.4474432335372,16.1428990281531,9.54129411975195,21.652802672472,9.84899431559091,12.70723931126416,14.8427448759386,12.0684379024015,12.6237081421542,13.3980852984869,10.80319628174195,10.33943751420445,12.5564937461321,20.2608099901471,17.709670960812,9.01400172632538,9.40076259817174,10.50953600462229,20.4952715416916,22.3225779324508,15.2521029052097,13.7284702195718,17.4077621153774,13.5237803582009,9.68501578692828,14.9039817967607,14.1168827723435,14.4730983237973,11.7458837183702,11.5666496343803,9.47303003861154,10.82535549655641,12.9313952995933,10.08419093857553,17.3042739473061,8.51163829201216,8.62871373181117,11.08031734486946,9.4190847186597,15.9665670968043,11.60877130979186,11.43769256056903,10.64503493678134,18.8709864546264,17.5375864168841,13.7755476980536,15.6092388023918,12.9464376754162,13.9338493073358,11.2839021095759,12.62116186810301,10.66314709750758
14.3946950335102,16.0525730563245,19.7086252150746,16.7275695110022,9.34545816985244,15.3863038711429,13.7288682528372,16.0081613256864,10.57124760799522,9.75992968206685,10.233875429244,8.69900260868342,9.12386305662012,16.7580576596782,16.59789523056,19.2454483823082,16.838334382877,10.40238003396074,20.9656188303058,10.33589016178281,11.52997903284598,15.1487157717119,12.0229120886578,12.1620398279597,13.6137146885137,10.12931940307498,11.0369329222207,11.2704623608819,19.9777560408782,17.1814010061564,8.35492044855416,8.97357578812083,10.80017981409133,21.7617838321339,22.1851583515026,15.5113415191618,13.5043847252304,17.0882257568615,14.1762872046717,8.86941140856494,15.0123801559818,13.7659837914485,15.0015546131485,12.0181923972599,11.2148035705956,10.42813126597479,10.33995352078157,14.2055225508031,10.81794001850697,16.7040423978981,7.94556135770529,8.19204308805738,11.32377826065498,9.17277830027822,14.4953698185479,11.0422025232106,9.87359226207594,10.20414357028452,19.5124966571065,17.7412989761601,13.3586154613983,14.9356062513531,13.0308653241493,15.2083259302815,12.5917826404071,11.60930926012447,10.45143512514618
14.4569487765965,16.3015520926418,19.6020408466847,17.3686531320014,9.69701679274938,15.4909807711751,13.8719205958781,15.7830428695526,10.02245437876903,9.71717616741156,10.9915353962167,9.88751375445616,8.53647079097144,17.2584510903811,17.0346414108117,19.3729490183555,17.0091325608309,10.29272075305063,22.0896593708324,10.96788055854236,11.71423213512539,15.1861396599478,12.0678468073311,12.2494119066847,13.5847759902499,10.35812551511722,10.13088436866974,12.0260331127617,20.9521696138925,17.040451767881,8.22454861528215,9.15088381822979,9.65877647976658,21.1656918818863,22.6391566014275,15.7503891206322,14.5020156035461,17.2001245071667,14.1575366374095,9.94077884139175,14.7987998768392,14.4841371421735,15.1936836790308,11.739901155445,11.5186258413645,10.11883631847423,10.81407437684387,13.4766465407262,10.16545833301727,17.5297518550241,7.80940390443196,10.63670464687531,10.96334658286763,9.26480626814353,16.5869805784877,10.75348506174459,10.32630890398341,9.82217341634187,18.9753977904336,18.6909498625604,13.7661170119533,15.7095069530982,13.1937222810908,15.4445033895058,11.716588804026,12.14703089406883,11.27045331625286
15.2154267431621,16.1822768243046,19.8579480818814,16.9183274186323,9.64196193227828,15.2755196386154,13.6562242446615,16.4659223652945,10.60551566508072,9.53558063990373,11.0269736112745,10.42613169564872,9.60617642049118,17.1429636756285,16.686910380497,19.7387415933323,16.6525751168181,10.62024891351258,20.4319040161374,9.73600356432964,12.50896561002583,15.0715046859671,12.8295300485586,12.0270082177874,14.5113375875074,11.89672435399397,10.11567016511413,14.1997953562167,19.6035563880468,17.637232463077,8.44211077114473,9.56544335240368,10.69295522050217,22.281750881474,21.6821934914858,15.772029563527,13.5808295536827,17.4759406266115,14.0825115724181,10.58848155501842,15.2082087966513,14.2476179109235,15.0956986748779,12.1360079214033,11.1559288679902,10.21093784890206,10.79796492265819,12.6261390021928,10.68268366863709,17.3607564371101,8.75575710130596,10.67910288850842,11.94452945503922,9.94606648819661,16.0188940754126,13.29842932905317,10.60894733180541,9.73024246127885,19.6015691742535,16.390648305067,13.7863102322892,15.9136199609671,13.0464396073701,14.6371875474743,12.2320584717098,12.57839980841318,11.0352394053826
15.0000654956035,16.7137442751297,19.2173226247733,17.6516029214441,9.34676007464609,15.9712731721117,13.8576629773965,16.0340798191942,10.26025067198524,9.98896789469522,11.0011532177851,10.17868293652695,9.57126688700326,17.8715174386936,17.4423971567314,19.6417013694795,16.6905479089709,9.60434993751412,20.9360557748265,10.4147519695634,12.19233801309836,14.7734929943884,12.8293392565946,12.4545891374554,13.6686722206146,11.64857051377332,11.10868287425654,11.8572399498766,21.4579741002858,17.4803746759982,9.03021387985788,9.70688638955488,11.04353693947046,20.7367788375118,22.4052320523196,15.4494699551017,14.6728697433545,17.3525287404456,13.7005330769121,10.63218960226528,13.8359866933313,14.2056584910528,15.5457268896459,11.8657849899844,11.1803531533035,10.30105800423537,10.05021899340554,13.9106533874486,9.81475149866953,17.5130919185495,9.08046735594904,9.29083975502281,11.77223477674292,9.03392360563513,16.3812054712588,11.53362809690434,11.04910752780453,9.86965200664943,19.9441434463998,17.703157059958,14.3525356066316,15.55822254731,13.6064282524312,15.6312774393593,12.1471253112072,12.18254374946334,10.9294010978367
14.1340407382086,15.985226153497,19.4622165854213,17.0668592359817,9.42599373219656,14.7927733652529,13.7629877398137,15.7275392931227,10.72289516668843,9.58051565310894,10.7685437134908,8.94948833098508,8.26595470763846,17.3494000509594,16.7780119761304,18.9365927061353,15.8379761802305,8.98728197567982,21.2337436605307,10.3187713164565,11.44616324464873,15.0563119165671,12.9989517654841,11.9280496712542,13.6400660724368,10.28217656844223,9.58659232647148,12.7757239640052,20.7710884426302,16.7563767243257,8.57092951310326,8.90658356128566,9.48682750769581,21.2829720207627,22.0652757845673,15.4133070228395,13.3504190731653,16.965202883208,14.5221830916285,9.67019006001308,14.7788302087557,13.8997929400468,14.3754658452717,11.3255953375603,11.3182211658405,10.44384674523386,10.73519665351412,12.6279953506742,10.2180520936259,16.8192667406098,8.09224572299295,8.42528697597971,10.83256849461749,8.8944888876613,15.4742529625344,11.61610032036914,10.34454936903606,9.66400230827597,19.4249786524781,16.290891864842,13.8109539346429,15.926862677126,12.792119282012,15.1626718016551,12.295227822243,12.41479923310906,11.45965155672783
14.9645916551262,15.7407273066424,18.9743258107728,17.3395792072604,9.58581078825536,15.594480561094,14.7912526247998,16.4217228191084,10.56125958626307,9.53047229218358,11.4315176240059,9.84638093070231,9.75199418741178,17.6467538908651,17.1360059540168,19.2765204179651,17.0687953006878,10.12172728673419,21.1963313281369,10.521153883188,13.02781971600293,15.5181942499733,12.4486904196147,12.0807220928989,13.9377140546892,11.7831913287833,10.91343128637856,10.8166262378482,20.9272173541769,17.7794112394336,8.46274263306266,9.47237804828086,10.70845159229257,20.4878167300673,21.4300129581795,15.6109326134992,13.5481562757517,17.7019787636192,13.9891479122565,10.25156738636832,14.6290750752435,14.234294303326,15.3405404988482,12.0553031157705,11.6086712862499,10.06239715957208,10.25227620567631,13.2763346685533,10.44582060162171,17.5612390135426,8.793694493378,10.14115091715648,11.69733253671329,9.10675704216097,16.1223935661009,10.67120217333093,10.18220666918186,9.65154478961947,19.1842859868841,17.8378280785066,14.7068697427123,16.1248550337297,13.1133899853058,15.9537732782133,11.8650576122768,10.99165626162624,10.79597061051647
15.0032578220418,16.382909730013,19.7354510813748,17.0190206204926,10.06948901223988,15.7807127839199,14.5208212156311,15.6091579423096,9.79051532546945,9.2872938582752,11.1822494983198,10.36131175988543,9.85485834116434,17.482627766971,16.9803513310893,19.5187542448577,16.7942350850078,10.83268083351694,22.1323261983268,10.0493425550791,12.08599533083769,15.7090410464768,12.4666833488193,12.7409223863244,13.4376231749461,11.0520881542948,9.87514687557754,13.2667721321177,19.845144726719,17.2789800711792,8.4628279717877,9.39628384857722,10.84594845806002,21.3816521491971,22.9375096233409,15.6645329926401,13.7331737123589,17.3224214434279,14.7502381740886,10.6468743268161,14.8501368194924,13.9214147590452,15.1990818999415,12.1518250334269,11.5439535808184,10.21551580319769,11.36349950671341,13.7455817133607,10.43186353012176,17.209671181775,7.60084179112362,9.28429487184822,11.20129970585936,9.38469198870582,16.4626473283804,11.76206545933034,11.11212504558752,10.32264306736459,19.412616360408,16.7640453139671,14.2480696995278,16.2608842680985,13.2328713356734,16.0090403449758,12.5315060392796,11.44120473016455,10.65458258649198
14.9440767835311,16.4081812016655,19.3536467121744,16.7775674835986,9.4703185122605,15.1801849070168,14.1644031598873,15.9003994811844,9.71168047281876,9.82472208254782,12.1880475206106,10.39180109940688,9.74668632523,17.0492189468802,16.7118053961253,19.4488536763107,16.7376812111259,10.15889592896512,21.4908599851966,9.95021757658463,12.99211982768172,15.6483632255964,12.6413153642551,12.6952200373017,13.2973049475529,11.32016585683855,9.71991285307206,11.9293509228233,20.9626670354143,17.8113113008391,8.77600754108664,9.02048338569818,11.24064542810667,21.4134295604779,22.8071914294688,15.5605935566247,13.9109022605068,17.6847177516705,14.5647601380003,11.87982672336127,14.5620700738935,15.4932401983824,14.8016232077907,11.4928355189113,11.5362340344759,10.31941577356174,10.19249488554768,13.8145463372469,10.57560709103886,17.146776450592,8.31862209024612,8.59717513463689,11.27709877728092,9.27004075443718,15.1875030350705,12.0958882192052,10.91776938604387,10.18852502466813,20.3342799654677,17.7655883547587,13.1936050294621,15.9394300197396,13.3264982028533,15.3257390194685,12.0726682887702,10.56089997981605,11.01818941932809
16.0388157711278,16.2718393295066,19.6183021436493,16.7412483406973,10.45686293897242,15.6121849017773,15.0434779425044,16.0388548336207,11.01391506346457,9.88013217339841,10.9526165354736,9.22578023437052,10.13755201942942,16.8467235704018,17.2665411473961,18.8468816365259,17.1571994904823,9.45330308675792,22.0721617770086,10.18887901397661,11.48453561010086,14.3892535367555,12.0203744780175,12.6330580180906,13.4177965535568,12.18795470263515,11.06141284173656,13.6649445663954,21.1369454701562,17.8681677153993,8.55918926689607,9.12018674361611,11.47856802565716,21.1710211559056,22.8908997718649,15.8665900778732,14.5446906211241,18.0235093551588,13.841727647424,10.04089059239742,14.7897295884928,15.0657710383305,14.5762338851905,11.4496678308701,11.561280804585,9.47522474508391,10.43435474924163,12.8422213348715,9.86710110328338,18.041809978402,7.7880347877033,10.28488546402828,11.89767951336852,9.46903628719326,16.905729513497,11.69951948055842,11.0828555625856,9.53485863760481,19.7146032834605,18.24334238948,14.9119562764357,15.8353060760038,13.4993964444862,15.2417426748806,11.5605402849268,12.93464430045958,10.81573727919272
14.3270761304413,16.4336155449414,19.7270934330831,17.508546044989,9.2699685247272,15.5027896109027,13.5227000705207,15.9024454923014,10.56415676324866,9.96319689150502,11.0590533519661,9.90816547815793,9.06907457582367,17.3056218210136,17.3708144335086,19.3215209083688,16.6521943232126,9.37841811866449,22.3473443748876,10.22703428589241,12.07560556010713,15.3182010317173,12.4099674510316,12.5356303294679,13.8715876500623,10.5870069340537,11.42092424523031,12.9517577011584,20.6655351802339,17.6530994884364,8.38102642735873,8.33311857302753,9.94938096554134,20.6597529696091,21.181423728862,15.1390046643432,13.0116002370703,17.9618944906862,14.0753140069994,9.941748230737,14.4123520390989,14.482759768385,14.9714845780994,11.3047382555548,11.2448337579545,9.73991916599896,10.5747468453994,13.5623375293372,10.9801962229804,16.7549346130979,8.69148620673732,9.07429497797022,11.33585684845866,9.62823942140184,15.5191412819489,11.9889329325236,10.0459659472,9.79405277838001,19.1767622671733,17.1966866080924,13.3124929346141,15.4724425091488,12.8871923993064,15.2920197185164,12.7415391866266,12.09836014897353,11.25083932611053
14.4221169517339,15.9554318550978,19.706113378389,16.330266420084,9.37255361864792,15.1988990398905,13.4563918392274,15.9543445317256,9.79055404155552,9.37967364174708,11.2444107128058,8.74144299100552,9.81145719136036,17.6626656653011,16.7829603624285,18.3961758429168,16.3756833707115,9.98442632113601,21.7608661280532,9.66428572556687,12.15376022850882,15.091174497192,12.0747040662905,12.298706733268,12.8071517543264,10.75468683891504,10.94024337985748,12.0106251812525,19.3937329622948,17.0070481186232,8.30307873982615,9.20058651388692,10.58317478573082,21.0558255315181,20.9114410829772,15.3302524648148,13.7356005563401,17.3729591332268,13.6989368214292,9.71860479994112,14.4907421619184,13.8537877941943,14.7782860386081,11.7475704211302,11.5830530543705,9.29115319990962,10.76522007095544,13.2066967448352,10.41493852109312,17.0779492461079,8.35030045496672,8.6846304160551,11.19899931561662,9.54164036649659,14.8001106335818,11.38269880615421,10.65876211740564,9.81211346661441,19.527762968958,17.5914537404937,13.6202418516342,15.878025865163,13.194131476925,13.0091221492397,11.9051779293343,10.87019697907476,11.3487792055245
14.7333603970324,16.0188111481919,19.6240608097486,16.7818327194186,8.70058580962999,14.8735631160475,13.1896556237346,15.6246410751325,10.99015302186374,9.58036533037256,10.884371698281,9.10909649034833,9.74036825686275,17.0283800018316,16.8116821769039,19.0129842765799,16.5731775907035,9.66492971060746,20.9811465110853,9.76209662607577,12.00020373560248,14.3161666908869,12.6931789669356,11.6109143152418,13.1112013492071,11.09654328076964,9.99260866831729,11.7294352034053,20.0479139662722,16.9032631112803,8.0260312645224,8.2750294268125,11.20493139010767,21.0251487679472,22.1485672430096,15.515287224759,13.9138910269618,16.9957125312448,14.0968030898591,9.28768121760287,14.5264215732446,14.7308387457752,14.4978544101476,11.3843395448323,11.5676997163363,10.77441500250831,10.59883658449887,13.1868391665183,10.38160093404913,16.7586501111451,7.92337034312678,9.94596747054648,11.43143091232738,9.29749123260907,14.8567217835451,11.27205867438447,9.89217659569763,10.54615378677782,19.4905499773336,16.5062038554318,12.8807330512054,15.3284587182673,13.1509296685911,14.0816737744194,11.3637063900797,11.77266973465544,10.79400357341695
14.830141364283,16.3777769748029,19.9977150600519,16.7850284263018,9.8659006849893,16.0425133693988,13.975092737141,16.2368892846935,9.72229071035902,9.62520992385997,10.463052895361,9.59474708980332,8.84589424054983,17.4177955140707,16.9151103024383,19.0760454835648,16.8533829681918,9.94909435424334,22.3314564782757,10.13614933142372,11.9419247734199,14.820839216292,12.7296808490428,12.3343555886291,13.8209297856218,11.42459750446939,9.80425862431987,12.4876329297845,20.0492554797247,17.500075253016,8.10155262921931,9.11188677548884,10.55876022891145,22.6069565463933,23.3029279159128,15.688303066806,13.7677954959298,17.434098161798,13.8024533250145,11.01039587347089,14.6921172409282,14.0382029053754,14.1119545709499,11.189635483696,11.4308845277355,10.08088668447678,10.67590433346653,12.6609461980973,10.50919182464106,17.2565059635841,8.34821712456465,10.06064623991819,11.56324034995934,9.38768821952869,15.4526103614244,11.99001382802994,10.99517913496741,10.22567511565573,19.6130612006983,17.9720925445678,14.0569648838828,16.4014316798744,13.0986760867453,15.0680167124319,12.1068577792992,13.04535137260832,10.49591965456312
14.5726347838155,16.1217506758968,19.7492129476067,17.5094297215482,9.68056251650956,15.4834534270539,13.5010965210024,15.6238512086102,10.53571136628203,9.19820089122954,10.794663756621,10.21572180146492,9.68864442498934,17.7197327363671,17.733184524173,19.3668127324961,16.4345563270325,9.61121814543207,21.6063409625105,9.72021571180676,11.8880672713576,15.1479376543199,12.3888446059193,12.7882953060154,13.6064573118336,11.20772046223992,10.43121598904672,11.9243422391101,20.170711533902,17.4534794287344,8.26120800634503,9.33784927213397,11.12967245054903,20.7372964740621,22.6382109833419,15.4327635851229,13.601343121506,17.9555249548016,14.4271329479561,11.61531150629886,14.7117789755666,14.0847491870332,14.868447958709,11.4771807129015,11.5877857014297,10.47545840158628,11.02101997377755,13.4345318578008,10.47016438622617,17.3596777942147,8.39315770092376,9.8587006652516,11.2210671414215,9.52496540209452,15.8267909074027,11.80054206541726,10.9567252789456,9.93643780793601,19.5242426494489,17.6122600913494,13.5291150353374,16.2476659209952,13.5861790441314,15.5159001011637,12.1687135285345,12.84097049784469,10.41708313897974
14.950683505284,15.7833635175575,19.4205004237634,17.3723636349249,9.5930244538628,15.797950311447,13.262111694526,16.0060648778967,10.09699823526194,9.42273218118845,10.5993806876742,9.53429127692359,8.65608433665304,16.7826522638345,17.6658065249914,19.2544428723881,16.7949303383751,9.99235603494049,21.4914231276928,9.97665724076775,12.10741903410038,15.3184301873288,12.4697830538205,11.8039086266142,12.9939972719937,10.48429716713495,11.49163578965028,11.545339283405,20.7656891061033,17.3385987119616,7.9732293115534,9.51669526525383,10.7480729794872,20.9977097680319,21.4562672837622,15.8195428141958,13.4750810487722,17.5858182125559,14.0442637878272,10.24679550594889,13.9757744658748,15.1157042173986,14.5581577314642,11.4017076389032,10.6851819970373,9.92987162843752,10.46499812129393,13.7365772285044,10.2199856180565,17.2710616826768,8.49615669922667,9.37791858039708,11.89611676805989,8.86152317838715,15.5909315740289,11.91793606900288,10.33818167496491,9.07060298986969,19.5847546960322,17.4699513634161,13.6390789305602,16.0559067024727,13.390644139591,14.971375722491,11.482938824006,12.859053169561,9.96544902438191
14.9490559218784,15.5998829311117,19.6960477573791,16.8475904214388,9.3426416598331,15.0527438240257,13.9005869825426,16.3131123843421,10.08178925656371,8.90594031983656,10.6518318136853,7.75557993850229,9.07691885138839,16.5511397015846,16.8314264859054,19.0825940956331,17.4391668855354,9.89561330275029,22.0646130200675,10.26190944409383,10.36867107084658,15.1201954113983,12.0039551256379,12.3368985321579,12.427738362035,10.56908736635524,10.66612277966851,12.2684066337586,20.350956604835,17.0798855818755,8.48035313167694,9.7420360940125,10.56659911753886,18.9715221673096,21.8781373115631,15.8254050743158,13.5764104177376,17.8361363974658,13.5452228097286,9.57362645384738,13.6936922375026,13.9137313176056,14.6944405530548,12.2791398181493,11.3434864671727,9.02272623492668,10.46377077236001,12.5197267376838,10.51994110387636,18.2866741690494,7.78305513627272,8.58613162066077,10.85862931665206,9.14178806802962,15.3773292321835,11.22641554443625,10.0875443997893,9.74704225105011,18.8995525969267,17.1213149415667,13.3404650062896,15.4317284031698,13.1033544381533,13.43216670135,12.003374260305,12.19147243746855,9.67733514166793
15.049387207514,16.4992700296499,19.6517619177798,17.6977119595851,9.55011846339242,15.871297560943,13.8320758782258,15.9005255331502,11.05007516936222,10.0444729248678,11.1096965432794,10.14687586184125,10.01818920944279,16.9408773905921,17.1038171082708,19.475244384825,16.7481800778145,11.20656526884798,21.158586237266,10.63009642505519,11.49080309720773,15.0798802275103,12.8267219598939,12.7354963439785,14.0757673650905,10.79035737692458,10.29531568171734,12.2787413209176,20.796442483401,17.5376040156267,8.57798155980145,8.67319456725785,10.32304291100877,20.2973456442005,22.0163950933047,15.9259561525242,14.2986021699606,17.091955973435,14.2871547646464,9.71496410492385,14.4826696908771,14.1079046779323,15.3358881499742,11.3255992789283,11.4132371684503,10.25326817782368,11.11385491725782,13.7417974327493,10.34041610512611,17.8287465922139,7.88852086846467,9.15045982353216,11.71188785412551,9.18963229668549,16.6130500349821,12.1604773210651,12.16209313772572,9.80065849779329,19.3643608116176,18.5740951128538,13.576266081853,15.467092127481,13.4073925729305,15.1840903697073,12.6248778727885,12.36307833469656,11.09987347469114
14.7078359430668,16.1764723665591,19.606355085931,17.5012697076042,9.28281565750592,15.463030312367,14.1660980967098,16.0123620742934,10.67297700748058,9.47573332900911,11.4898829175252,9.72670191284842,9.77418670797999,18.149181852442,17.2959966062675,19.3597405512017,15.464684220402,10.00407094224731,19.1243099385461,10.52436857407765,9.99410839144612,15.0735855948004,12.5803453750451,12.3688075755911,13.754509289003,10.7941476473874,11.78690489688352,11.6637255365603,20.9936881037333,16.9825325606617,8.91372507315729,9.11488473713009,9.85373814757304,20.424981684545,22.2619159651299,15.5360163199743,13.5810247739283,17.2315540523859,13.7676144347121,10.01324551657438,15.706209632039,14.6932511756985,14.9455836391025,11.3131008796043,10.8513055281418,10.06263182913822,10.32604070795654,13.2304172934073,10.33189552552523,17.6808215186746,8.31058290894577,8.5338350936907,10.89732704644733,9.72094387736055,15.5512689744402,11.23137755648168,9.76059815439424,9.92652046054208,19.2068726621112,17.4983110498476,13.328367822513,14.9327213670156,13.2893228004893,14.2630618177155,12.1843347197379,11.21040801638341,10.50909317013959
15.239320067644,16.4549098188231,19.4846178541477,17.88200572786,9.06896845620348,15.4104633580345,14.482329384413,15.7675175592926,11.00981012701838,9.50592614987918,12.0230442997172,9.32890664716685,9.92165901467003,16.8307884225468,16.7693400247507,19.6883014857395,16.5185384088884,9.75722712471473,22.4286827840296,9.83348763557441,13.85830317169726,15.2851485061911,12.4985199951004,12.4734030184985,13.2974035929003,10.87646311496794,10.44644407747729,11.768476699967,20.9225048921209,17.7035908772632,8.57839007241925,9.00076423999186,10.74907104212282,20.4612743679362,22.5147080213467,15.9212770494088,13.2871554299312,17.6323534201807,14.2096399210643,9.73096272742287,14.404982075372,13.7250273556509,15.0546258330331,12.2319026366628,11.2643257663002,10.67050978661572,10.69013287892922,13.5512767432316,10.50881034281475,17.8875281371057,7.89653625039016,9.651498789492,11.46854802295233,9.34438213599345,16.196285902235,12.67592268615823,10.9946827493163,10.1809972857286,19.7653857116785,17.7367777489125,14.1508773192807,15.9709964705542,13.825300448066,15.5376216724966,12.0528220477553,13.4653583933092,11.12492445656611
14.0128036327341,15.9159899307056,19.4503617818464,16.9371337097812,9.18573672376946,14.7974940983928,13.7613606751969,15.9632926715826,11.15809550413845,9.9771055446608,10.6834563452479,9.35443305505824,9.21459264184229,17.2373932684882,16.5843537933739,18.5817285234848,16.6124587465196,9.73883893175473,22.1516782473673,9.98383336072849,11.35304048026386,15.5205394072776,11.3799638169127,12.1114060538442,13.6179778482958,11.38329633011433,10.92117298021741,11.900523084065,19.6643776070951,17.5156093255753,8.6327829757646,9.70143127441042,11.36147112244038,20.560068248425,21.85603870025,15.0604208405885,13.5213289746942,17.898996995552,14.2691147535111,10.35884849901615,14.9032406083053,13.7670392084455,14.2802253380353,11.9681819122615,11.417401165472,10.74718229264778,10.91072172698181,12.9889190789706,10.4141516690232,16.5995800413784,8.61243855712578,9.27656713950846,11.12940676881609,9.31421180818248,16.0426772380627,11.37281116920155,11.09256498120924,10.17141460671012,19.2889729246445,16.8883021370555,13.8337673166913,16.2738265687029,12.8290541663312,14.3220370126405,12.3111737748376,11.11737165389088,11.44810028510073
15.1130824165631,15.9902029608167,19.8124850171828,17.1821411611582,9.46563097887006,14.9566388447643,14.6027273321197,15.5688465902316,10.64901751825102,9.56713071143524,10.9092312072268,9.07033866033313,10.00230537683329,17.0186214949141,16.6606953310596,18.9152627716371,16.987397599337,9.66949878995962,21.4114259863375,10.01782187472403,12.65790324509005,14.9027528047699,10.6543571789746,11.9295821078491,13.2250273453747,11.14438257593645,10.14717069311872,11.0563019250502,21.3832532026497,17.6417910745658,8.1535237593646,8.55051242585565,10.72543093646816,21.3795656506695,22.4903159122075,15.6642474083497,14.2647428898105,17.3667743932776,13.9371540363484,8.92298215900894,14.0575061345877,14.8771370808037,14.1750769777619,12.3877091991483,10.8722998760783,8.8666429871019,10.58555907881478,12.9160791754088,10.08746707170616,16.7854927018453,8.0736351391003,8.62049729444809,11.20004458307202,9.17774428237652,16.4136810269281,12.14343533246568,11.77043599849243,10.44370626969502,19.8201312245812,16.8466944152569,14.2421059921572,16.1129262926815,13.1931321699746,15.0306700896849,11.1026929771474,11.19503806070324,10.37254027902236
14.9882865113033,16.1150511318873,19.7222439822383,17.2949596251544,9.73947145822821,15.7068753049274,14.5378654883366,16.3263120722394,10.36891125725273,9.66047909918281,11.6970513626911,9.52244573863712,10.23050541168714,17.4957610433816,17.2170118371013,19.3382772421797,16.527821715405,9.90847300076521,21.5939597250783,10.53346959536185,13.00070767524914,15.3373623574979,12.6228491748952,12.2613756297722,13.2033586211363,11.11796186781865,10.11178404372532,11.6569311021737,20.65162617643,17.5333885950543,8.48257183827607,9.2958256073724,10.72745466772718,20.6332973314581,23.1721672199366,15.1024922865309,14.8699287200127,16.953861091035,13.984665340815,9.43472999084511,13.3838646170084,14.6328831398213,15.3643250893146,11.3489742212687,11.5431816342996,10.51356746324564,10.56016716324946,13.757480681114,10.62273850272017,18.3515936553143,7.83304265115795,9.13645849543779,11.24427642309034,10.47881655135313,16.2267696605586,12.29766046848706,11.83977390008612,9.74992451791191,19.0761627792403,18.896156291254,15.9660778100331,16.2911666013969,13.3531181779984,14.3307242410955,11.9766578600838,12.88583830110288,10.97300296727803
15.1379545291028,15.9637268023639,19.2578845228734,16.7331644874173,9.62053173221279,15.000787335163,14.3797444468664,15.6352399576329,11.11102157899416,9.5476096490515,11.1845189681742,9.17762800252848,9.11691641141634,17.1442929165006,16.8465524665714,18.7132942394651,16.4599527037878,9.31203597079283,21.8852911589284,10.02532072930853,11.04156081958716,14.9333802467792,12.5865621700027,11.0880452108046,13.0386708799139,11.05032938099484,12.0754263712438,12.6821725563294,20.0689623254333,17.2650629980048,8.11351159686872,8.74050034771356,11.23073971930611,19.907946579648,22.314682353024,15.1520147851073,13.3517597460048,17.468608274212,13.8137070875246,10.2493586501145,14.6804454625946,14.0582428840294,14.933479998197,11.4865997583418,11.531341850258,10.28694339000513,10.78377140209306,12.7570856383491,10.11700393174608,17.1935308850976,8.02117164371138,8.16185391002065,10.90430518616049,9.18615168149581,14.8454871898489,11.31451252955054,9.84144608372919,10.01180884847468,19.2393105948344,16.6785663498477,13.8748700548532,15.4540101597951,13.004099675028,14.4429258112123,12.3995922908992,11.22999336404321,10.51099470500892
14.2009458034664,16.3485533282104,19.421323846455,17.1029920259965,9.53888914703202,15.6503007215077,14.0603551729607,15.9381169682141,10.451864286964,9.15367875983424,11.3744198998543,10.17256718752424,9.13152113954107,17.5694669401026,16.9107774326644,19.5466441462621,16.4121644643223,10.73809871333138,21.1035524390778,10.53140707071398,11.49470095760769,15.2922376525777,12.6256842449971,13.0002364315946,13.8023198195449,11.61315975655886,11.19005760240736,11.6454972863852,20.6491380024444,17.45887645185,8.37145302423955,9.1713039323252,10.52122295036534,19.9482362842833,21.6133827581476,15.2825731223088,13.5576370059539,17.0365771659289,14.0502056467277,10.0771130548111,15.2632354570822,15.3369782439118,14.9299190706754,12.0624847243273,11.3865086556589,10.45816459152195,10.27440332248649,13.3611248263793,10.21652586010649,16.5453599840161,8.31818363004233,9.93629058862315,11.63483300959674,9.33579154582314,15.2838034377234,11.94096309580046,9.84615813899106,9.67550038882343,19.7460882577247,17.9246847172658,15.6708840989272,15.2249141755439,12.9368598845111,14.711320324211,11.7171131478117,12.42792945395925,11.10806948132752
15.0318755614999,16.5091096997152,19.1520734770132,17.3016146807308,9.63092397201689,15.5667999192492,14.1652294047254,15.5784187699573,11.19133737579322,9.92137426819806,11.0557007741594,9.64283851978284,9.79451880599332,17.0738894727419,16.3446570639012,19.4797902690881,17.0423055698736,10.94810700087414,21.4004997386289,9.93390289691464,12.2457175733321,15.3274441512314,12.6261463565524,12.2231676341918,13.176641699684,11.40873267479922,11.20554857220437,12.165496473951,20.8356414895031,17.5230234180829,8.90244878868723,9.13442576679513,10.73686543795408,20.8502760403121,23.093930968491,15.5639830747379,13.8080873911827,17.6883149983857,14.1925195929231,9.74237936895593,14.0311815032486,13.9782246576825,15.8306453151603,11.6505183759257,11.3947270024117,10.68168402232419,9.83648373478849,13.2391980338566,10.48312705964029,17.0276855377099,7.97265612962216,7.80087363397322,11.94269228295728,9.33544098347071,15.6493676191968,12.63520907567032,10.49272080649705,10.24855375849484,19.2049765639901,17.6366715802045,13.9459714416356,15.8824986885445,13.2852730203788,14.7513070639518,12.0508471914993,13.57938849210958,10.55877657733151
14.9643373035905,15.9174788134343,19.9422800323215,16.800874213515,9.58033436002898,14.9234072556063,14.1656343185295,15.6175171506694,11.02984736875769,9.67265980739261,11.0333972419225,8.97446931759506,9.7446310250837,17.3155624642811,16.6856264328785,19.3113760268419,16.5885393014168,10.12357807247879,21.0602102239528,10.15404888371686,11.59566525486542,14.9576145855089,12.6665053626313,12.1500354554222,13.4114092521201,11.47070681483357,12.07506305496586,12.3335830002645,20.045486983932,17.5619837897212,8.62659643045713,8.44975230946846,10.57942678025081,20.4213694555533,22.3473674425087,15.1852308612827,13.1354400233826,17.7004384908701,13.8197218692339,10.55368370005419,14.5951648730857,14.1537341666439,14.7180358586315,11.5069631307196,11.3003031296854,8.96870073151165,11.14135775737007,13.0507536889729,9.81950994536609,17.1807375293961,7.89763106869352,9.26868476583242,11.57165505511535,8.86449900337301,15.644821614617,11.02037011644963,12.09678748424052,10.39819907195785,18.8062506592445,16.8419834994159,13.7354397360431,15.3610559506142,12.8730644849949,14.3511564376427,12.2642220513496,11.18607116022769,10.46107558511045
14.8522748128852,15.7915322018254,19.8844085444623,16.6557842288172,9.88458394606646,15.0763016282906,14.0767573590014,15.6115581943821,9.83060197327486,9.30080860500247,10.7179379787042,9.70391284541268,9.47473445978385,17.5575507410088,16.8455276134138,18.935031553008,15.9778593320804,9.27625142949902,20.8994475154576,10.21575179664955,12.60733754002936,15.1777484146681,12.9073452654322,12.5764545641976,13.3367122274644,11.42366169385827,10.33919253836834,13.2076806725873,20.4594506005816,17.6819604876853,8.79708994813749,9.07367063662051,11.06654127445581,20.5802181191361,21.7479354798246,15.3153456366338,13.4935272051272,17.6234895939907,13.7634174765025,9.89107471525942,14.5676578654203,14.3184136780743,14.4148183024749,12.1246543426935,11.2909148259618,9.99009823693164,10.18692321329833,12.0903424863078,10.62476548868786,17.7913792754886,8.19469770676128,8.53871017945356,11.04384397574714,9.40899034063098,15.2652079030213,12.37368164801184,11.274107766613,9.428727497452,19.0609158924268,16.6308982942544,13.0771224804301,15.7951651809668,13.2060309681809,13.2072989353877,12.1661239882542,11.4729050971891,10.64560803837841
14.4855531825844,16.3212938759871,19.4087418808756,16.7620295189785,9.64141878884819,15.2954664177555,13.7248669247462,15.9578154023335,11.14372079714868,9.68717054286637,10.8400186379777,9.99126390879334,9.53326605530693,16.8355406806603,17.1608833091548,19.4022339606701,16.3336708720249,10.33561485364257,20.4531779528467,10.44355743337296,12.87771870501574,15.3228023091042,12.0455198397351,12.3095213623726,13.9307327854367,11.03583496049196,9.71020192570411,11.1258626775491,21.2139082220366,17.7749384599778,8.10388730389027,9.56011771462754,10.94277125271738,21.3450071143638,22.1247274497767,15.5530158131199,13.1216772206481,16.9231442515247,13.7101444558866,9.59780127218122,14.1247670971421,15.0600216958296,14.2939862406627,12.0520119458338,11.570725484206,10.3356039633766,11.02508593259879,12.5766454370275,10.13542150938991,17.0984866827092,7.11327813256658,11.1443899034785,11.53887371114032,9.58302501219231,15.236809060439,11.87584315315452,10.78915598778946,10.39271122513495,19.3682842728803,16.5659682135392,13.0753273372686,15.4230324354858,12.9178706187009,15.9604082059482,11.8555462245713,12.56533421454211,10.59682079811135
14.7193800423142,16.6101714669258,19.7568436746056,16.9199837814792,9.62586090536135,15.3693098170739,13.5767066709891,15.7462672929669,9.40096939119737,9.04382010775419,10.5856877083116,8.64774709898985,9.45327046134061,17.6063073140644,16.7453887301614,19.039226592962,16.0867850715836,9.91765222929147,20.7963945947777,9.9751812987364,11.85110042010532,15.5258796412285,12.3473502571367,13.4021586768283,12.7348776853618,10.82042765333698,9.94166784704421,12.2093595771322,19.3241446122517,17.6563674189432,8.44938240194583,8.89920971737684,10.5642191243577,20.3952500082931,22.1295523199787,15.2329004449626,13.6946426541572,17.5731046912727,13.7174623627382,10.24422620211867,14.7751351512554,14.5192808185657,15.00229872469,11.4986367562364,11.1797784342831,9.91925993834387,10.91052152805714,13.0463026501361,10.05627690578229,16.896597151006,8.27204469662478,9.3697266669195,10.73160132542802,9.63018286805664,14.9573590658102,10.56100007179154,11.45588661894508,9.99039051970847,19.6231024014952,17.5526530630161,14.1192079521899,16.0605630460878,13.5566559970531,16.1139225674103,12.0634257154314,11.70204648054952,10.51223628524515
14.0776047846667,16.175931302476,19.6641060898466,17.1832633148412,9.78625892651931,15.3410032186793,13.0692771653779,15.8880820866605,10.16769407867317,9.5578871054827,10.3473260023786,10.00516050946592,9.35648191264838,17.628591828979,17.4288385173409,19.3858837700362,15.8044546250934,9.60332258171813,20.0961231046519,10.9100572730224,11.7373691144362,15.0239479752928,12.7728573059229,12.6716816427882,13.4147849734239,11.05445292956656,10.00737615358022,11.0338577300609,20.8036717558273,17.5322807871145,8.34410439792131,9.33146776245304,9.73551749584792,21.067726695275,21.0297627663863,14.9162521068786,13.6782877764103,17.2187575619321,14.340131808633,10.45309508848388,15.7747709649585,14.3320929931993,14.6480046163659,11.6610643339908,11.7228741717972,10.52901155882646,10.45128280190188,12.6479575996251,10.07195502336143,16.1807895585571,8.52107101471595,9.54731238297844,11.14313150416762,9.41401287894156,15.218944492467,10.82075072565482,9.97961078578135,10.32964741046811,19.7020866426996,17.3608457516706,13.8188301368055,15.0980826071851,13.1109763964059,15.525927152718,12.1761545319441,10.96508396965946,11.16265526454086
14.9804479412936,15.9178852882379,19.0191097026877,16.7442792715086,10.00423129111147,14.9826894890419,14.0832407230986,15.2792033038707,10.59669507163377,9.97693427823427,10.7736481092062,9.78118232946882,10.08151802473118,17.622805952846,16.3150472605729,18.0504030106859,17.2830047325906,10.06060093904619,21.3532256844338,9.61006537433184,10.48024316616547,14.8685817825998,12.241747406624,12.4337701917773,13.0975627776292,11.33253984035844,10.53823118136624,12.6128407466595,19.9726374648199,17.0086010771495,8.47308211469216,8.97294220201651,10.79842267349394,20.9775766870642,23.439698272059,15.5863023275372,13.5219627030901,17.4512426037257,13.6284415096158,10.24001346800297,14.5863003344778,14.9052763846869,14.993249783935,11.4668614212053,11.5636175221007,9.40259127943215,9.96307745430117,12.8212896468469,9.8606926763162,17.9784525013541,8.07134819589734,8.54462273147674,11.4195268217107,9.06856691611178,14.7319709079838,11.22455748073428,10.40231966311013,9.86377047284333,19.1314568811296,17.7522134325598,13.3555886909628,15.9471343193131,12.4191448228363,13.7317978147216,11.9033243896057,13.45081034900684,10.49302639605057
14.2808122026436,16.1013956366553,19.5909693629811,16.6602660179854,9.64780078649782,15.0370774623971,13.6541135817214,15.6082217269393,10.54272166559354,8.97626702028911,10.8002630433972,10.56025375515694,9.54088097865473,16.8610513889464,16.6733624047559,18.9993655170359,16.8885697761056,9.23362910058943,21.9570786550741,10.01760815775968,12.52874431773113,15.1532666128174,12.3698211255285,12.5383694323854,13.1010726204069,10.60764741531048,9.53603562490217,12.9892237763941,20.2150898636644,17.4577184680166,8.38520868109257,9.60498636230473,10.74854592072412,21.8172971488376,21.996225516271,15.6484005771864,12.9948597985866,17.1420311354071,13.7342064291571,10.54448379610651,14.6504241945187,14.1417471362647,14.452386995792,11.6599016318332,11.1940277529341,10.52223020201915,10.63666581879785,12.7831756819118,10.67609022179197,17.1940085469197,8.07520963788999,8.76881417729108,10.54919319931224,9.18379330655899,15.5714714038312,10.9282665146666,9.87964453982744,9.6158803675839,19.9364640350624,17.2704524906944,13.7743698755259,15.2335624147137,13.1338743903279,15.1655093088518,12.3349868376644,10.31212401768047,11.12830290103662
14.6557696456829,16.1968755180744,19.4400061131223,17.1202478240363,9.65856638221542,14.9768522406239,14.1309502390225,16.3977017947039,10.61050981332979,9.80499654630582,11.0905359190512,9.221695844291,9.53457329205587,16.83575927811,16.5719196033741,19.6395507101191,16.2045470426636,10.17111775316659,22.5318372835933,10.14586308715877,11.60674072851655,14.9954254065652,11.8764915776427,11.5062333571558,12.9528654634532,10.22467459770366,10.60443480619959,11.4012036543739,19.0784758202847,17.4396978874371,8.97860968342708,9.01604297530591,10.48543620847108,20.2409370336956,22.0788818604685,15.9425679100232,14.2022182554918,17.2581778667308,14.0092390231373,9.2190424032586,14.1499087838539,15.0876085259526,14.9153177289345,11.934504157596,12.0422232907911,9.72923998481514,10.79645518124517,13.7911886355613,10.23406198934491,17.7341686588654,7.49530746685352,9.17955940595838,11.40154471254067,9.50287002517231,16.4856193498127,13.26249308252331,10.59566184484227,10.04924793705187,18.7973073073363,17.7820711033424,13.4741283413675,16.0271442692191,13.5703869227123,14.0717655014524,11.7362043204106,10.91738134364708,10.95995605361265
14.5680756790189,16.6955977490149,20.269148688325,17.6872791617647,9.82560968967414,16.246259474697,14.5975108275658,15.8963120821362,10.17235088906425,10.13476638854172,11.1879275854266,9.62643594905032,9.562255913118,17.599772079936,17.6340835214911,19.8670072783167,17.3048870362618,10.01429635874703,22.4174802176618,10.16388810042122,12.54282901075528,15.3567798987003,12.4298444003542,13.0536482814405,14.0977762899839,11.75094321343489,11.61511816624077,13.3899379171966,20.8325078523982,17.5877596684094,8.46706286528137,9.23740985992478,11.25721271953653,20.894191213311,22.9362058777985,16.1339440135041,13.7466589180598,17.6215665599844,14.0050259687813,10.6515692758901,14.8974733699486,14.4472800378147,15.2242725735004,11.2552856986938,11.4882678517555,10.52095620503263,10.78529626895934,13.697358761184,10.45196919101505,17.3237987782254,8.46415689620026,8.07653845103208,11.61422559145552,9.41471697454606,16.3442857692362,11.43437410383462,11.78717780311389,10.51639716686892,19.8447450105968,17.9255676505836,13.4322453812755,16.3043658614815,13.1468727211023,14.5763830003873,12.3217976378244,11.54075120880238,11.07734478883736
14.8717143687238,15.3678717234873,19.8043602553249,16.9660497591931,9.57074359434173,14.95885669778,13.4968093163565,15.5477317984666,11.50657540134229,9.38061210638792,11.0287211473372,9.20618609378328,9.86026990302054,17.6568195421132,16.6258384501476,18.9715240638625,16.8945445700942,10.00019218335924,22.5033686504374,10.06064707562603,12.29456173185562,14.8646853442133,12.1203006783675,12.0963257224085,13.8095079117216,10.85739507362767,10.80505424933604,12.7962135476419,19.9811184782224,17.7604261528934,8.03444460740826,9.81995981026511,10.54448196259056,21.5017550560169,22.0188778276018,15.7069828644546,13.7234127344173,17.5193282980879,13.9123161918439,8.88892593755715,14.9562864970858,15.024419866852,14.8237619717872,11.8278402159153,11.303001855497,9.9304698472562,10.80407135511046,13.0090175339201,10.70258620786309,16.4946366320794,7.81611668129179,9.66049425326251,10.76853011998669,9.15861623376993,15.0891156640163,10.7750124341784,11.48375368775017,9.91247929146329,19.4636322973582,17.7510940273948,13.7003721817148,15.2903650396185,12.9064416753075,14.8456400655618,11.4112298618993,12.18047000330962,10.88305706865037
15.2301216758765,16.0923395209072,19.6079920079515,17.7408719903742,9.49647006544102,15.6262673473666,14.8887553819013,15.8581828289731,10.87013097760932,9.75775197370327,11.501985537812,9.56191352172822,9.99474818425568,17.542557430302,17.1119188381748,19.5169209727132,17.8094153237792,10.77101790015401,21.3631571043486,10.29522602640534,11.93726554332354,14.714076948885,12.4887281336855,12.1088638077997,13.4189193002234,11.24276393047886,10.64547748911402,12.3315707077497,21.2048861502342,17.8274554652743,8.82270268472132,9.29899742385773,11.07268081596674,20.8855594775408,23.0017070722335,16.2337258358176,13.8097685085278,17.8407444871012,14.1312311527114,10.55954793368737,14.6790923419216,14.9086444899366,15.290757314858,12.1745077747507,11.0265940123603,10.05580841476758,10.21220817318542,13.6000745560156,10.38260003768192,17.4187652429676,8.51920229091081,8.5969230526623,11.39854061404682,9.51566003100979,15.9997078814518,12.82137989856591,11.50704255257964,9.55507324061838,19.6424745786604,17.576225809139,16.1788358140946,16.7016614432461,13.3025992778468,13.8598393486258,12.3118145210919,12.96165142089336,10.70372508959676
14.654788042976,16.1130352482287,19.4290628779163,17.0205015025419,9.3993256957462,15.371234150925,14.7029579381384,15.938548570253,10.34322159105562,9.62218404458715,11.2156579058078,9.61974558033972,9.36341845981547,17.2952546663063,16.5732887019303,19.1966267386364,16.674076514256,9.47103370275088,22.3593045236974,9.81086246242633,12.12602379372094,15.6293414808626,11.4986460900004,12.8005999425137,13.5269030286307,10.54899322976778,10.1847313347526,11.3554061023965,19.8256929181858,17.5326111579372,8.72477389215401,9.71567683947897,11.04756350648564,21.2518757953045,22.4273535664708,15.3429536012529,14.1758947017826,17.862527659739,13.8291235702201,10.8921878369446,14.5452569564626,14.0377268416486,14.8997137002496,11.6548221226356,11.9883254341938,10.45795812719624,10.84409915055972,12.3069428101398,10.54012122032016,17.3990294133776,8.33836742493996,9.39883780879206,12.42814591003338,9.62784217087318,15.6581271995873,12.1986511720797,11.38230847505438,9.94817912771124,19.6299090916669,17.248772537599,13.9513083874355,15.3107604843226,13.2166097935131,15.1482942464247,11.4283387096312,11.67650798769841,10.77705578697239
15.367067141841,16.3451701377092,19.532424200144,16.9377200971546,10.81686372891192,15.460846533231,13.6136134383016,16.0949741070775,10.71129948606106,9.31465921470685,10.6381894891623,7.55601280799847,9.4938021941984,16.6630165485576,16.7634860668251,19.2831094266348,16.0706563680266,10.45889187459772,22.1445054049684,10.76258899431884,12.05582057929021,14.728098042551,12.1438862475313,12.4229374503704,14.4030482298798,11.55638459571336,12.17668438847056,12.192165126824,20.5526366818303,17.5324496033456,8.47430373837442,9.21156835559002,10.88378739690525,20.613841508336,21.1903396076864,15.8492358728254,14.1627428771957,17.4264353013336,13.667260773643,10.5146403764854,14.4283307441447,15.3504144643029,14.666606747177,11.7897889802948,11.5226156717846,10.30938203109025,10.46404561369599,12.9513440136672,10.01067989097121,17.1714127114805,8.5857657990745,9.0973459277834,12.07034684465822,9.15332376337457,15.7698192817397,12.57037846750058,11.29806882069924,9.8991666407094,19.9218813239965,17.9175333108119,13.5918512333327,15.8666869539748,12.9403542546713,15.2684477252701,12.2219620101544,12.40115939330818,10.65582343394473
14.2632668624892,15.8555869364874,19.6239623383424,16.5104349133443,9.47344512798031,14.5654806505246,15.1261441657597,15.7643496401362,10.41550292967196,10.12594044060329,11.2342592296449,8.61803621389375,9.70327095648767,16.754527933946,16.8768695547217,18.6961022280298,17.5944714748298,10.57229650173416,21.9790854124453,10.43820165388612,12.31311382477848,15.129596362468,12.4342491954723,12.3469409676007,12.702327775627,11.17890132516699,10.21335131324096,11.6180264579939,19.9443419218397,17.6594622700012,7.9911700661191,9.53529609651593,10.9640479586483,20.2753227180676,22.2780091536828,15.8747920877781,14.1475881306479,17.4802440382582,13.7919344466839,10.80598257635431,15.0250606584263,14.5525777959202,14.2623623766114,12.395410700473,11.9656301848966,8.97858094770246,10.14581160496484,13.3857548760045,10.57767551556394,17.7408833686591,8.17994721293245,8.440359057364,11.48544283018306,9.20501656561832,15.2562046710195,11.34031203966077,11.62835244605194,10.29194357836208,19.2317182113601,18.3315591662878,13.7238849423202,15.8546620950281,13.7188563125032,15.0564241629039,11.9404054711824,12.3003084987124,11.32845853901297
14.1612955115322,16.2545224630809,19.5449982454621,17.3903440318194,9.50190146981457,15.7666750976058,13.6323052665598,15.8354687292442,11.02252722757138,9.6857783096162,11.6093498493319,9.63590491952834,8.92611933560407,17.2233455395022,17.1826852215608,19.2646750141346,17.3448458517159,10.8526398537497,21.0844152607718,10.40378102915795,13.25486733782159,15.2205516239177,12.7140754722693,12.7227003198101,13.8502847184458,11.08418509579944,9.94761237936359,12.1524712971088,20.8758967846453,17.7246601961134,8.48720946924145,9.76620607183827,11.17985798590561,21.7538884240384,22.398654036878,15.71081489701,13.7033622671211,17.6680021910184,14.3584852511422,9.92220817643325,15.4326616627519,14.6464857144859,15.2985976229608,11.7979011665177,11.3361109571389,10.3945380788773,10.4112233154979,13.5296230263303,10.13242878449756,16.89019899453,9.11252942703032,8.11075590028408,11.23439007978847,9.19629000776313,15.8551740120153,12.13369183414643,10.31744852891801,9.13919076366914,19.6257053653442,17.0022690443283,13.8713717527479,15.5506145531772,13.326168627623,15.0129425097382,11.7507101925402,11.56932174665206,11.37683588472433
14.2304538721284,16.2691613311617,19.7076151935287,17.4286135366758,9.6751534158497,15.945681492068,13.8680366316056,15.9643584180295,10.54442670932234,8.95186905859514,11.0259384232653,10.09052532213272,9.14359248253851,17.5739524473125,17.1901660644877,19.5981768985025,16.5935557709373,9.59919125729249,22.1118043314192,10.67335023085786,12.74694752313658,14.9006871061512,12.444542881189,12.7785459921022,14.0713098413123,10.22175996326778,11.274817134091,12.6446703906539,20.0660794900698,17.4994771109996,8.70008658954321,8.36308434966847,9.88993806358768,20.623714192712,21.2717642211847,15.7683501714411,13.570000403668,17.4532969999949,13.9337647564447,9.89833706670178,14.9650268936858,14.2545364522994,15.2150259044272,11.7400573437606,11.4539651509437,10.47997282100362,10.81614300570323,12.0225446633501,10.38823003853025,17.0017485402974,8.10347460701633,8.75666071567885,11.3204447725292,9.97575978785818,14.9004504360662,11.86421825070232,10.35226123891467,10.72358214515179,19.9014331618885,16.6281399280806,14.1004500172165,15.7623381101325,13.2858184343651,15.3196728719451,12.0846623004509,12.4078628059604,10.81516981029086
14.4438460973044,15.9726680347407,19.0987142737554,16.2448647593215,9.38904021291381,14.8677593330734,13.9737589100851,15.2947565784006,10.24028918816124,8.94537397922291,10.6638946592187,8.56558018259678,8.88743687577821,17.1279897506623,16.3781456765774,19.0017066391858,16.3399630500508,10.02591789482726,21.9701185793245,9.91076179379702,9.28612433265043,15.2240424579549,11.4731858539359,11.8786405476966,13.0259031639925,10.35748055226344,10.07523555288513,11.9930467622295,19.8490714662651,16.6400819963911,8.02148720322398,8.18579491126915,10.19827631919334,21.2599197625938,23.0580379093063,15.1493854620897,13.1737280361275,16.9776838509622,13.6944526164589,9.90135792419617,14.7854938372698,14.2587848294337,14.0665479324791,11.7940022876547,11.1101562397567,10.05787299430124,11.15327787435012,12.7490224506191,10.13577606998051,17.5764388073955,8.51658340578728,9.85298885558538,11.12352985512805,9.58836403043628,15.9724265465775,11.52572895626109,10.25208639242829,9.51560384602749,19.2008558295954,17.3812199724451,13.4601042874877,15.4157848353535,12.8852793918481,14.5179629573803,11.6298872558287,11.90962953450349,10.66952852329937
15.1432789072446,16.0200313630003,19.0465905256284,17.4942361513318,9.60548929770676,16.018197248008,14.2319833983045,15.9783603126028,10.84846795797136,9.64412380659581,10.7050079098803,9.65063910847049,8.93727941566479,17.1831503307614,16.4136780737977,19.4829973065599,16.855158207458,10.26813840529656,21.7383225906717,10.19262913251128,12.02090305571312,15.2898690229981,12.5121859443978,12.7252605910834,13.9711543974414,11.39181819513404,10.17430288371101,12.0146095731468,19.3439608729435,17.7398907311484,8.4451139171802,9.22049714359086,9.6167527634026,21.2179811956802,22.5657731378182,15.4306262708273,13.5134446965793,17.6568288292382,14.1256487321462,9.77062529444558,13.8742680336592,14.2065855018167,15.1721385279269,11.3163405051726,11.1579637533291,10.6808485168939,10.8941830441378,13.070250366389,10.50667374407564,17.3658663596205,8.66886367566364,8.77682864575221,11.4223940695532,8.97627582241604,16.459058222347,11.88996667495352,10.22742432094623,9.65374785170866,19.091664662441,17.2613958801669,15.849142931356,15.8575608768102,13.6096491791807,13.938062124978,11.9014423466316,12.52480136650959,10.87614980807242
14.3504485320711,16.3358121409362,19.4042040705029,16.863304198009,9.35617126009498,14.6448435463319,13.9403265727154,16.1556402962985,10.57823299218857,9.4994932742038,10.7536479799882,10.12657093327415,9.68573457520284,17.8634680849334,16.9440629647334,19.3450024389176,15.7828362198133,10.86244565650769,21.2978779650126,9.9342806498637,12.38215440960234,15.1906180519721,12.4049127425351,13.5643896072881,13.5997136046433,11.31429350513825,10.76842379440062,10.8024963046389,19.9419500632419,17.4515683572271,8.63900459006495,9.24090818576194,11.07512598381139,20.759123346185,21.3430007099614,14.9918954387112,13.2030062573457,16.7115060158069,14.3043251233643,9.90951564472569,14.0536148143264,14.8408477453585,14.647518877102,11.5374282886366,11.3028235831507,10.20911979321818,10.95029956074382,12.5608260778853,10.90177967537708,16.7518409154175,7.82262458558744,7.60653313310102,10.8109971716202,9.49909503292184,15.4323740165172,12.29190155816134,10.037776854298,9.96138201947028,19.811827798945,16.9258431855042,13.8079411519884,15.770023257436,13.2173452495193,14.8544363911037,11.9578937699444,11.09387352384842,10.83914902386924
14.5625666129419,15.7336339120492,19.6898291304471,16.8267217790808,8.52656225996001,15.0469879232459,13.517391554404,15.6841514361293,10.299822836201,9.57371652403116,10.3015818092301,9.25116136325428,9.50501388119468,17.4429208148227,16.5392339496506,18.6927879990618,15.7778144782893,9.32739256606184,21.6934530642118,10.199661511373,11.25485214678848,15.1420187887953,12.247254126967,12.648355598381,13.3437947208399,10.44251342807021,11.3079255236615,11.1909477684085,21.5991831940719,17.7643796788183,8.29227600276494,9.24746722184794,10.69253184417841,21.4103513559723,22.2536737373665,15.7009813036866,13.5707741743533,16.9587776415736,13.9831869611722,10.26997245500494,15.1386024487038,13.7874220648561,14.4344883887702,11.3598824186628,11.0821583036309,10.38714636238036,10.45766769254728,12.4585634680773,10.61797895924814,16.8469900161219,8.13839212104629,9.09031386003555,10.16151530383798,9.24162891669681,15.7772990492362,11.76105201453272,9.52132163479577,9.77441147224188,19.4324609618057,15.8035035017334,14.4325822130278,15.7344381798536,13.3359259026612,14.5286874475701,11.7857471883271,10.98805672381011,11.25243217461264
14.5022409945812,15.9302905608959,19.503639152111,16.8758253761956,9.60205259669734,15.1935613590533,13.6077952408337,15.6493200331545,9.59619765177594,9.58003358758277,11.1437129829666,8.84903582474787,9.22180881376923,16.9931812571384,16.7069247156993,18.7502859068875,16.7794462655741,9.87473220102342,22.0868474980339,10.54611418487398,13.15654501997904,14.8880070994262,11.7160873797723,13.0461609313707,12.2299682514677,10.88220414567874,10.32167658957743,11.2756437195295,21.7316823176654,17.6309900485965,8.92005883963577,9.91682636886054,11.17513314913584,21.0859858211469,22.4317240315523,15.1646644807822,13.7878752098517,17.0348001814747,13.8382953213071,9.48039888586598,14.2039590183018,13.9851486805618,14.2569353400689,12.002447852505,11.7676028468241,9.09696241666851,9.57677345708219,13.8299835803765,10.48008006909563,16.8781216023454,7.52469566213782,8.99734334813112,11.3695745292844,8.87556005437097,16.0677831631046,11.00449908533989,9.85780631794738,10.83407900334972,18.9842508999004,17.6499937113062,13.8102581033642,16.0083375331896,13.4035698809481,13.6951635884196,11.7056369696195,11.69307471428252,10.20014898557968
14.6012052915691,16.0775587430968,19.5269145250755,17.4800746252029,9.53952486553262,15.8134471056627,14.2323324428219,15.9167152205616,11.49419237825541,8.91363899263424,10.5998672730913,10.9089558249016,8.37311744383518,16.735779284089,17.2521803193313,19.4772174463256,15.9303790755065,10.02357354784488,21.7081202188598,10.83681599814432,10.55399269375175,15.3538130336561,12.209385413581,12.2723611935888,13.4033805398545,10.6056723573288,10.66987222733297,12.666964637933,19.9669183811247,17.7362263513561,8.27438963436602,9.74823764690333,9.98740816254341,20.0233397341848,22.0636680233228,15.8502245224087,14.2816271171982,17.7803911679425,14.0221320470232,9.95476287597562,14.6982516879746,14.1805533949374,15.0858540785338,11.6913058478302,10.9402921412669,10.53971738769276,11.07359582818346,12.7867576153508,10.37910246926897,17.1249309600949,7.67792744411988,9.04703007233154,11.32512291419752,9.39724572879044,16.4568408458736,11.22496046432673,10.88382266054144,9.47863828674014,19.6259045318346,17.1546774712288,15.1059849709205,16.0423917887949,13.3154673375789,14.7520304374793,11.7111282988221,11.76309379369062,10.36809812177181
14.4175422766054,16.2228179990008,19.4379864110351,17.3579356798882,9.45534601064355,15.3106542500418,13.5737133773363,15.8592560410576,10.80333065943596,9.07440079995112,10.1406160578968,9.98021819468919,9.3337606935203,17.3313673844918,17.2183019443719,19.3930254954926,15.0168625843911,10.24797067513517,21.4990512493134,10.67532993132956,12.75954735980704,14.8514829110735,12.4824301145919,12.2569613340099,13.7396022483096,10.79298972678094,9.75225993396939,12.4718580891218,19.9416351533896,17.6668453788506,7.61804571331392,9.27821990539085,9.97770765478502,21.2402417889376,21.30135798847,15.110225421942,14.0500699269394,17.9472046313096,14.2678938067299,9.84734607018313,15.2543734603527,15.1879551932914,15.0452645529689,12.113402625703,11.4293068489624,10.3869229929318,11.04599927916912,12.8408323644346,10.40452071360882,16.8770686740239,7.81054508258745,9.32873942039418,11.4991631287669,9.56808466543119,15.0744830153572,11.83648321971384,10.10433998056434,9.52351493203984,20.1711622753098,16.9893096918574,13.8843504526872,15.0983629823473,13.5608470584715,14.8587994554405,11.5412137527948,12.0276950936177,10.87724067419476
14.6794398511327,16.4182302224494,19.45389272464,16.9650484751157,8.28788881192918,14.932908380823,13.8186794392559,15.9222117013111,10.59013025317025,8.98352023659939,10.6871427008685,8.80380507245191,9.04725291134983,16.7544383730004,16.8122257938416,18.1894823128403,16.1285463600686,8.98728197567982,21.831531445019,10.20776169378881,12.00589898722406,14.4447324321578,12.6876345794085,12.9874839372763,13.3842448024199,9.7878226224655,11.46462473390208,11.4396633404514,18.9170632235355,16.7794993460193,8.16152345765592,8.84468142972237,10.24718951809122,20.6449256088027,22.5348551361714,14.9474614383607,13.5081291201802,16.6450746249923,13.487671807683,10.30177946094005,14.9664359153408,14.819131897866,14.4053416634293,11.7808221315633,11.284311323953,10.31488195210283,10.3656823823609,11.9304508707422,10.4368164776257,16.8169984495015,8.40770969393284,8.85517316522827,11.3240325887886,9.59458484397417,16.4455594726576,11.90664693380858,9.89181414334885,9.4510931993075,19.0730892211415,16.8714721781718,14.0081882039037,15.6959290158874,12.9896369147203,14.5699713960496,12.0403695944406,11.919711248749,11.50495581098956
15.1080750378338,16.4353083796866,19.240335431816,17.0185640682107,9.12745571724625,15.058175534409,14.1237324774824,15.7905270176477,9.99218721026266,9.427682718624,10.4063201895332,9.5190333960798,9.72458866918582,17.1615999063121,16.955117563856,18.8727282000863,16.5191650037194,10.29264464070848,21.338738813299,10.22169557345248,11.49128468977537,15.4841194015591,11.9955205270222,12.4626885250151,13.3722487106709,11.91662712748359,10.97688646945496,11.4324883322347,20.699830340885,17.4637251151865,8.31185789380981,9.06105803364397,10.67320205678357,21.3254883679656,23.1851081296589,15.5034739804551,13.8284303866536,17.3356480069289,14.0326229101548,9.2699981728794,13.5605003009235,14.0477495110899,14.9361380659602,10.5832427539919,11.1710354533003,9.97367743145176,10.94463773604089,12.5194474601815,10.63507352841741,17.3710478556317,8.20906700326455,9.37050968593496,11.18656886531116,9.38531587763146,16.1205170971896,11.27256808843441,10.91854646252965,9.91860253334687,19.2346452514265,18.0190701854458,13.6760714484107,15.9340424474413,13.1402368048664,14.5629965173291,12.3289068040525,11.5002692828864,9.91510107834806
14.1328342841643,16.0177566827469,19.7668975194,16.9917977068373,9.51434080995208,15.3515787102478,14.1563355680611,15.9469572890602,10.32021149711246,10.07824725925398,10.8514690369887,9.96959625583415,9.46872900467054,16.7953246601277,17.2067302700278,18.946145262587,16.7242169347597,10.94241827216475,21.6599815365705,10.44071617903904,11.2906210005788,14.8995855331273,12.276409117691,12.4305942316482,13.0039499918225,10.87664226804799,10.72931450221338,12.1579638546718,21.32506517041,17.7394730181736,8.52979417532622,9.62810050039079,10.46672119775525,20.3700248226118,21.8908299766875,15.540881291941,14.1838911667749,17.5708961900965,14.0252754762486,10.012436879529,14.3944317932136,13.8569570430232,15.1768662685806,11.7214772188857,10.9655097059747,9.01202812705715,10.36564240637159,12.7973732070503,9.99506337887537,17.5125260214828,8.3062232983564,9.26285556752266,11.53253700333282,9.30550172133722,15.820779512451,11.42132996823518,11.09604194569756,10.24061169684095,18.7376810010922,17.1758109630989,14.3345525029009,15.5813788923694,13.3625562124178,14.6448993583378,11.9114452796837,11.82369488897421,10.27820793683997
14.5386708636533,16.4930428563786,19.7812122322906,17.1332350655752,9.51451253697327,15.6626305636821,14.0969926861888,15.8265060457551,10.99662347148545,9.60170907333448,10.5907508215366,9.98815089647437,9.76572210047287,17.9262578788062,17.5174100052099,19.3199167530555,16.5409466852997,10.47585472644592,21.9480517635735,10.86181573133178,12.21621794422781,15.3122257538584,12.7538463019749,11.7661263199494,13.4144631380218,10.98544495612094,11.29593438336695,12.1940118814411,20.3251528398606,17.5798761589933,8.86412206615966,9.35501682596545,10.78182544566774,22.6069565463933,21.334165317853,15.6765710087728,13.5508553903194,17.0980302955467,14.1635509121567,10.57720834686919,14.6436129113994,14.1061531167297,14.7002209409795,11.7283497375401,11.2532553835227,10.27463274438996,10.75848802378554,13.2440518782086,10.38848996359141,16.8562093430796,8.86130048084558,9.3865999032689,11.64306783115369,9.80863459355541,16.1832343998703,11.97271840858294,11.52373371609499,10.08075561330838,19.1431369435075,17.5593526840686,13.3530296816615,15.56562737649,13.4238162325616,15.3997535593161,12.228201929746,11.08405383003928,10.70536525185472
15.1449677572896,15.4973908882126,19.4449784130015,17.3151535109025,9.69192785072677,15.7284001169552,13.5091366642608,16.3403135484395,9.68124133512692,10.14064339736623,10.3268338194467,9.58998165468517,9.16292044663279,17.3736228706169,16.8639560984274,18.8386645019327,16.3394326560485,9.96422406199968,21.7456599986751,9.84915174125516,9.14333114223224,15.2942436935294,12.4214371037414,12.7205712132557,13.6713841097384,10.52175889638945,10.1141861817028,11.7456667258627,20.6904791627446,17.4302785322325,8.28627136163577,9.27432901753465,11.27279513423712,19.9795881131753,21.7424988222974,15.6547571821082,13.3065131628374,17.3637913220163,14.4191029067192,9.32372806081724,14.7838710860324,13.9884417334703,15.239488112631,11.7723628060218,10.7712754340183,9.04784149775595,10.5022374010675,13.4034454351405,10.14058132961363,17.4202145266117,8.47753656076651,9.29701443944906,11.52049088995254,9.6856750476396,15.7042559363288,11.53442557951594,10.77620196961938,9.19831330353965,19.403868148243,17.67187253696,13.7799856478397,15.7047567777032,12.9112104528814,15.842634212195,11.8098466838802,12.45641028352258,9.72809647048594
14.7003648980125,16.1615611744071,19.7136631694856,17.4009720227059,9.57059581730573,15.5165169622048,14.1053767854265,15.7861538861632,10.42540288294764,9.91976890495867,11.4047415033338,10.13077587432403,9.95242238389977,17.3277773505419,17.1303173096702,19.3584359989674,16.9643155494549,10.01844749053617,22.4900415040368,9.68744873481938,10.11221955254634,15.3847165801703,12.2464155833322,12.5682852903998,13.3037134555555,11.11024739057824,11.2027682600453,11.5316455081265,21.0924435153304,17.6515752860167,7.72158688849163,9.37322091103851,10.5754838610424,21.379581915839,22.3063919227742,15.8325556606525,14.4038561181962,17.15933964107,14.0871966437326,10.68488142615504,14.225889482452,14.1548826143172,15.0075017334939,11.6388533831483,10.8881579073168,10.31381504300934,10.385026518777,13.5462735377735,10.02432419604171,16.9840545183843,8.51047406755955,9.21262386034578,10.91632792232341,9.42760827354752,16.7301841840928,12.44429815790497,11.46158774627847,9.46289680321547,19.3554527589416,18.1513563330039,15.2335622637913,16.1929115715097,13.3375809207034,14.5858506039602,12.0986475804577,13.26248210918781,10.70598473026764
15.2119854894725,16.1360447162462,19.5026529524353,16.8179418904265,9.45906912658131,15.2544955729171,13.6446355167459,15.8681019442088,10.49088701155423,9.64733816081292,11.0657135670551,8.60980501847997,9.55953786926522,17.6321038190902,17.0389331248847,19.2804568770039,16.8693567924957,9.8878262307687,23.1209250295101,9.93418407317499,11.39086747194313,15.0428939728358,11.371471893866,12.4261878739094,13.8128313610092,11.74999295170759,12.22007236693935,12.3687267216148,19.8310055887479,17.5962106127661,9.00188840830798,9.39846872159619,11.59716142252414,21.2866364953734,22.416865371023,16.0414724074463,13.7862329997875,17.4238566510186,14.3110450296798,9.62277393908888,13.6763055956322,14.7846468364199,14.4640083817113,11.7760339286268,11.871303815257,8.68276171542005,10.13343636750188,13.6671127439751,10.38288128261303,17.4880732781859,8.79115497325799,10.20361356865639,11.12558885785469,9.41213504834747,15.4971130558327,12.33076554940546,10.79858663384276,10.47066247668316,19.1213057762196,18.4260124588034,14.0977735227639,15.7435835811946,13.4485691501407,14.5958883304263,12.1397088987834,10.79241818696006,10.68745460498633
14.7335039005963,16.1832920298554,19.6062799672068,17.2576777990878,9.65134831179204,16.016398541966,13.7931574782463,15.8796659421694,10.3771144685024,9.52673139128318,11.0797408333677,9.80470546030377,9.62160086275443,17.5586628994228,16.7337106538069,19.0541117566595,16.7055216645731,10.08447170421901,22.416187933948,10.09225320128674,12.23827201159601,14.9683019963398,12.5473299757195,11.8360014851433,12.803033013906,11.58141451880401,9.36511379357671,12.7219039976527,19.154696532393,17.5860659929344,8.25413637609252,8.35084976452979,11.02277068235228,20.7253292108311,23.0048422792099,15.6601490747076,15.3437573336017,17.4949531344019,13.899152110266,9.64860971477718,14.1321630202848,15.1672467123714,15.243993963436,11.8801918807269,11.4215096022292,10.19516398616524,10.17389539795481,13.4556179979317,10.2132689687057,17.5796688292907,8.28715603065178,9.19788238570893,11.7538478555613,9.57508206858485,15.4467487132376,11.72064897407577,10.87671705604576,10.18935635233382,19.5434798629508,17.6026799364884,13.6386774355704,16.2654387181006,13.4784192853188,13.6790751329347,11.784775475184,12.26715407121338,10.03711146507618
15.2159161511431,16.2405638950667,19.3199693888973,17.269714515528,9.80482347881312,14.4451250718044,14.4588953467402,15.9895712170326,10.19849082707669,10.14859466786819,10.9357113043359,9.39963487424961,9.56972055566765,17.4129439936737,16.8668283023241,18.9601742172393,16.4039487819575,10.61771059852315,22.1653128199272,9.87142909007662,12.53467231901336,14.7214396440935,12.1037297540376,12.2065283793869,12.4552659798681,10.80799136756267,11.60972759034296,12.3131166774809,20.16760339063,17.5403681284068,8.42636114296603,9.66009133354898,10.98198813842968,19.5561473058133,23.0386534901937,15.8136265393169,13.4120416001693,17.7390711680629,14.0974860233112,9.88950949790838,14.7126713629615,14.5929612571553,15.0468968778233,11.9135573632662,10.9445550912675,9.48265774259648,10.01674836162859,13.2341908947302,9.64757058330847,18.0939492125606,8.30089635294245,8.83914108904564,11.29628443222859,9.33517414861018,15.7227027273548,11.99398445577679,11.35698016440232,10.25454331593095,19.1427268302574,18.034635076865,13.8887114032636,16.0525927515318,12.9255182271652,13.2199468139652,12.3048080191354,12.36730249433006,10.76868304172191
14.9678038614923,15.514130151147,19.3938987570025,16.9832973055628,9.43346518408531,14.3437101993217,13.9925437156389,15.8736512942147,9.87959238716967,9.09407326811427,10.8759681430888,9.19352476318325,9.33622706726499,16.847102428703,16.8398138044449,18.5220198473812,16.5901415704365,9.19125158674691,22.82850243331,9.9289404465968,11.92917911259786,14.8587411923942,11.7434611173367,12.4677201874341,13.7109883263619,10.37909107136098,11.22442194705204,11.8476033799998,20.3470058921591,17.7722104860441,8.32320521136256,9.23067276700023,10.6709959328558,21.790838234741,23.0160594910789,15.0815063857577,13.6599620607205,17.8814374864595,13.902955872214,9.73814460698644,14.9687476594641,14.8904579127087,14.8171666792035,11.7070855465845,11.5431164129672,10.32992132708015,10.63658413876518,12.5794891534286,10.22367436587884,17.6005523366472,7.62396672522846,9.44626793331304,11.92668697745158,9.88775125419343,14.9482994281158,12.14104336223432,11.29434000158242,10.37023464215522,19.6651587382657,17.2916934860143,14.2315547283434,16.1820403838214,13.1188898612455,14.2666521474977,12.0831325963866,13.95379756040798,10.22184253223145
14.9992857966043,15.8468749389964,19.1498920106207,17.2527735559506,10.06349499534819,15.8676002983564,14.2398211652067,16.0535035204261,11.08093822592446,9.88442075469262,11.4332194407132,9.921674173561,9.87972666531884,16.962424590484,17.2079596351499,18.9556595899095,16.9157251478567,9.98571424863297,21.5539750609318,10.46326276033834,13.29175721454512,15.1894982465553,12.2595936678457,12.422785075281,13.7034504689259,11.02601650020204,10.35160147989465,12.0311217894909,21.0450197323847,17.8319573688469,8.39613197244666,9.37388170609888,11.55474068471142,20.7363283340592,22.237338501596,15.8079950740941,15.3589013137078,17.5421077479659,14.08367916791,10.20157401003404,14.1728563868631,14.4724733621644,15.3760995115414,11.7846045861895,11.06188792106,10.14268834901457,10.32503329220965,13.2438265550068,10.29706736142986,17.2501572922657,9.00946316594308,9.51417056252519,11.595694387121,9.90982652461899,16.0890242733938,13.14626315033467,11.42017219201162,10.57878060353792,19.651407977454,18.2043420041045,13.1879972206958,15.3791179257769,13.0994104709812,15.2313754808428,11.684587897686,13.75665442250191,10.66038028578155
14.963955584918,16.395136139571,19.9158958001249,17.4648931292984,9.52071492919928,15.3634527909383,14.5937829815685,15.7721350510745,11.12473373732474,9.64480228916259,11.2915714781352,9.42925917717309,8.3786547689416,17.5190920309853,17.1705629325045,19.1137909218956,16.9116144517901,10.45087234415108,21.9446077747535,11.16449050127647,13.9000842969039,15.242931439905,12.495615029954,13.0711948825217,13.9609969488234,11.35998991661664,10.84901184966117,12.1539516470448,19.8339469642334,17.3858728736165,8.63994976984514,9.57846032080669,10.17282331017923,20.4540869401077,22.7507905656365,15.782032209327,14.6777046123269,17.1114834505537,14.2321516004947,9.77308968994103,14.736778795608,14.6017201494263,15.6371073291631,11.3736774844871,11.4490306994014,10.33188690989498,10.53908220928698,13.0922244035694,10.36839849022615,17.152533708299,8.13666448872997,9.63002097222206,11.86986161145318,10.01260727849734,16.1576041656654,12.78030661832124,9.96817832947029,9.64616843253929,19.6660265629486,16.6761393540214,15.2262698794575,15.774024478774,12.8407350956015,15.1177427194942,12.3275606347814,12.45074112997558,10.81513442724538
15.1298252878738,15.7445405755374,20.1021762702151,17.2232506606514,9.82615199221343,15.8883499885697,14.6831629906894,15.618980296488,10.62521126160728,9.99482715007054,11.3387461281176,10.0476868473042,10.05031401681166,17.4078385576037,16.8767642703293,19.4847675339027,16.8625084365161,10.12489626611146,22.5765246921776,10.27641690084339,12.45429085311776,15.0381722418768,12.7733112283073,12.9475819982178,13.9655370479687,11.26182711748824,10.20550602030195,13.2653230730792,20.1687310250335,17.7492779875331,8.25870199194246,8.51449459572376,10.86704746834015,21.2613094175718,22.3168101315225,15.7930252416086,14.4889764487444,17.6092080299801,13.9811810777396,10.14819626911175,15.5490042703803,14.5696654163713,15.370424782293,11.6367522407635,11.6372219027619,9.93489177709601,10.68246706625762,13.2527980250626,10.70689459623617,17.4534763179006,7.89005514303348,9.18311142835692,12.24250710915665,10.04070315086742,15.94331577797,12.12047619672829,11.30337517529569,10.38587920094884,20.2295164139714,18.1228257474424,14.9167988114518,15.9005464933237,13.0496348745519,14.4762297084866,12.5232641180802,12.39149026860045,10.36042418966278
14.2385886402474,15.7727609470516,19.7691604373741,16.9442949682842,9.24857973633138,15.8240089424645,15.1485242043594,16.5938382640253,10.04093069724448,9.63308588718997,10.9328213229155,10.1306978190013,10.07115538585949,17.3198023062164,16.6427237763323,19.1972053637284,16.3861007807252,9.9459973727869,21.538297788888,9.56272552211869,12.72988414263386,15.362282896395,12.4697638418591,12.0477267418655,13.1751777911739,11.0734247650958,10.3823022075594,12.5472074790096,20.0191862451744,17.5628424125883,8.70369226033672,8.62731912428837,10.55139034350026,21.1149594065863,22.5388312523522,15.865912571268,13.3683933956635,17.4239408496611,13.9295952543997,11.74840310311077,15.0681342050069,14.572977128737,14.6800846794555,11.7797198017108,10.8766600330225,10.52762341979565,10.42691207468849,13.4702633392568,10.38795356821176,16.8749071334535,8.85755553068551,9.1317311027852,11.20455765001109,9.63005304263623,16.7304661909997,11.33624945605606,10.88161051985391,9.89865201194598,19.7351738484785,17.7382026214341,13.9830223769952,15.8032726760465,13.6179443342932,14.1450922426572,12.0326660807029,12.19804327588728,10.2417147478082
15.8598766797966,15.8636567876732,19.5994398654755,17.2969990009238,10.05820338350672,15.9796704582335,14.8879671671742,16.2076870332565,10.28745469338171,9.55443243217355,11.6174106509765,9.70903020401692,10.31302432622288,17.1523730670625,16.6448216792924,19.3975141739704,16.7640141634368,10.85946219165999,21.7073727275324,9.84332022999369,12.41203166557643,15.0581218013878,12.5836338533495,12.0822937999834,13.3781234624817,11.36489013906895,10.59984748510505,11.6979146089572,20.743200549255,17.791212521013,8.47742908302705,8.47278314974034,11.28571401716709,21.3847481778544,22.9105546136723,15.9519713577835,15.0500853319478,17.9147983500362,14.0863715059497,10.64518162901127,14.5387744023975,14.8760922177544,15.3343878888695,11.9488885513602,11.1420860481831,9.01146702221445,10.3520009631828,13.2389963731203,9.69637856636994,18.1524131804488,8.73855866705854,8.93315147587983,11.27222851919075,9.40156424722481,15.7279502789197,11.95961357353197,11.60621373712656,10.27878376787468,19.6580948884617,19.2646898894442,13.3912790470729,16.164546834872,13.3923486745176,14.7493066715079,11.6577014644616,12.95365937267098,10.41490043078681
14.7335317014658,15.9117887503346,18.6315128793116,16.7925151486466,9.31065309926215,14.8104142404685,14.1744542144739,15.6260509271075,10.16723396938882,8.34622794705239,10.3729881033201,8.37490550973535,8.85825646769805,16.2750004258502,16.3128565699631,18.6664509335297,15.9333300614303,9.81678354704425,21.5771941830594,10.11059110543483,10.87942832917417,14.8010259511786,12.4849249258242,12.0347811173454,12.9586329203932,10.58523269743107,10.29971258594939,12.9802759762435,19.1653393782714,17.0416022347467,8.33643538216837,9.76622759846211,9.59049717053392,22.0629424844007,22.2566899895856,14.7647192262472,13.3777899381859,17.456284901711,13.7178550796311,10.35761101816218,14.8497238419863,13.8166135249866,14.1007078657046,10.9379323788787,11.2572756318902,10.26545419095892,10.94762827056494,12.514570331699,10.59926507361714,16.6248555944075,7.9187666554147,7.82027711188227,11.14533837495377,9.90446124530764,14.5005672762218,11.19989285734639,10.00407191596894,9.63840073367615,18.9326774336817,16.4619159262872,13.3914113899135,15.1787826512933,13.2165191504136,15.1747732234244,12.0100949012061,12.24062409969417,10.14729659948884
