A1AG2,AFM,AHSG,ANT3,AOC3,APOB,ATRN,BTD,C20orf3,CADM1,CD163,CD44,CDH5,CFH,CFI,CLU,CP,CTSD,DKFZp686N02209,DSG2,ECM1,F11,F5,FCGBP,FETUB,FGG,FHR3,FN1,HP,HRG,HYOU1,ICAM1,IGFBP3,IGHA2,IGHG2,ITIH4,KLKB1,KNG1,LAMP2,LCN2,LGALS3BP,LRG1,LUM,LYVE1,MMRN1,MPO,MRC2,MST1,NCAM1,ORM1,PGCP,PIGR,PLTP,PLXDC2,PON1,PRG4,PROC,PTPRJ,Q5JNX2,SERPINA1,SERPINA3,SERPINA6,SERPINA7,THBS1,TIMP1,VTN,VWF
14.884811125761,15.2546377638921,19.6736600222618,16.7984665137177,9.76986991056823,15.1301567564476,14.4218999597841,16.0119847982109,11.15114004606077,9.62445226197151,10.40933937256,8.35037376441205,8.84887212462092,17.3561512986976,16.5270328921791,19.2932866911367,17.1328265293015,9.72188994412136,20.9902106964061,10.02102466101614,9.871158130554,15.4592073892013,12.408677604004,11.5105697067625,13.396344984503,10.7044551510398,10.35530222361098,12.1043614241408,21.4444168878443,17.1831741783329,8.44541653580166,9.09846771426918,9.97937760698879,20.8185515142772,22.088748567959,15.6061671484001,13.3212104136884,17.2386508691535,14.14889116432,10.85201992195279,14.6598833752222,14.6527963329109,14.6508721558197,11.3805895030222,11.2054375660989,9.03731422990364,10.3627226520742,13.4106636988423,10.73086191756968,16.5766442670533,8.21161616089867,9.6073290136713,10.89292176943382,9.65748828873636,15.5334931090584,11.93946215118311,9.95794884810405,9.71999408369278,19.239065205339,16.4992188195371,14.473574586962,15.9202989958589,13.0118818883814,14.7946207389259,11.4795026308474,12.24508946931591,10.63846716524819
14.4062272526192,15.9813062086886,19.3907840294576,16.8157711909036,9.67426924923795,14.3058279168785,13.3763427840171,16.250458661678,10.55949350771452,9.96563975372188,10.3896272899941,9.0571164559551,8.2829551834553,17.2609876902606,16.7683319891207,19.0267857377248,16.256113143074,9.67397045577201,21.7959889563156,10.33332199628024,10.58720761478503,15.431811779928,11.6392364283109,11.8119501762719,13.2463504433654,11.46517241889149,11.18029816240366,11.6281705036193,21.8565370071936,17.6048728118966,7.72863400761179,9.02491740999826,10.80749946214085,20.8955657478233,21.8911398034499,15.5386109377421,13.861664720413,17.4207874024336,13.645228931285,9.77279675853112,15.2199847450109,14.7864621184966,14.922674077421,11.8628407873961,11.3923177078232,8.95099548397776,10.04810994945721,11.9815962517609,10.67110543831899,17.5612038744633,8.26983199574844,8.31286417729262,12.02360615057382,9.46014432866387,15.2995691803291,12.53465214808293,11.58316286483626,10.19074670479062,19.2427123508424,16.970123380739,14.4083200157456,15.9397718714236,13.229945152436,15.271843926883,11.6436875700414,12.86572489712876,10.65730695364073
15.0442022543186,16.1428596492248,19.6474233772931,17.3634623326904,9.47973926126486,15.8149041752234,14.3082147739361,15.8641317715381,10.44005992271301,9.56672659238731,10.7287393320493,9.98441590056107,9.75024657914774,17.5173832028381,16.8154296282999,19.4657173929594,16.8887483217933,9.54835801297189,22.7659887091407,9.86338374238734,11.92069199785179,14.9697515008894,12.2781963256677,12.6445640747539,13.4495770124253,11.09982283421864,11.01511823014269,11.6678814349318,20.2083852192223,17.8291423751303,8.48745494163924,9.40620422483274,11.21072780831944,20.8663520399593,23.1277086748188,15.4960599681693,13.348310073669,18.0553155869744,13.9305905767627,9.68230876060433,14.3585053473252,14.3091576681058,15.0781017798122,11.53299842644,11.5255896039042,10.22473489526486,9.9569327906211,13.4311430508105,9.78516644324096,17.2142634762805,8.82926654933475,9.626359920179,11.64013207319003,9.35309840799054,16.6599916436388,12.27566402203932,11.34770247904793,10.30238540676492,20.0237297279676,17.5996465509125,13.9260679614275,15.9087076281418,12.9808331947855,14.613738425237,11.9346589490789,10.98435481830731,10.89663139162094
14.2356067612264,16.1147570857962,20.0980184435029,16.9963800921149,9.37929552625965,14.9803382119411,14.5303424838424,15.6660167375869,10.73735333820812,9.57978767634582,10.7730398485131,9.75701823226794,9.37911183380733,17.147340500772,16.701474448171,19.2368594449523,16.6987352993733,9.55980416504446,21.4474480433921,10.25219074476132,11.58026161670584,15.3930965491033,12.1558308673153,12.9220980589879,13.322306005248,10.91597370452892,10.08068057761547,12.4010282818466,19.6698231590668,17.3945978344167,8.27377119298563,9.1099752504695,10.70972013394436,20.469618974247,22.145486099123,15.1426625016124,13.4380483902383,17.1567454790466,13.6930029329131,11.39246131967973,14.7393462938409,14.2463465125663,14.5283124251392,11.6493882800645,11.0943862223315,10.27624393594014,10.34056984314465,12.6227173859844,10.32588373473479,15.9537077555873,8.37258879269096,8.0774356000253,10.6275963569702,9.83437980551996,15.5204210978877,11.49437724823998,9.25230505889413,10.16689865855872,19.755011022913,18.1638477020225,13.8035258816651,15.8382631075555,13.2634246850354,14.4336656171404,11.6898803273809,12.42092416808892,10.89966594231047
15.2100569180983,16.281631981898,20.0987698385478,17.7698869739065,9.53804369593664,15.9004570188243,14.8778812501271,16.2068289363683,11.09393717637353,9.72220130252947,11.4581061195893,9.91050316308274,9.30353371233537,17.2832674715624,17.4706644838646,19.5031971715206,15.8845041915298,9.73083358078165,21.2599382676677,9.93742312664104,12.46244116366402,15.0976124990845,12.5083626912165,13.26618041383,13.0959190385167,10.56369518358153,11.67636387579692,11.6903131076857,21.3349362752885,17.7883259784803,8.22105590305774,10.0393727567018,10.39275873766318,22.3621562264724,21.7000441218539,15.5061074126589,13.9668336997073,17.4437148617872,14.2140189715619,10.5121158276381,14.7283857634345,14.2632185130793,14.9609349011204,11.1375131574524,11.5289236556526,10.2147861260965,10.37930320068176,13.4638558016179,10.64050697237616,17.491806445172,8.9963544954025,8.62697496762562,11.65581512654072,9.6509514005272,15.880830250204,12.19081398552178,10.8374334497325,10.25050259001576,18.7714557038864,17.4123632365728,13.9514953551999,16.1231490090342,13.417909223386,14.0065975089696,12.2654197490372,11.54897426981076,10.89078723886987
14.664026622236,16.7221350115867,20.0072629502398,17.3924915620683,9.46488519513599,15.2832567032155,13.734468594075,15.6910413400402,10.18352464096369,9.11273284834441,10.774314968918,9.61330387603122,8.99969996974655,17.3366453748616,17.1255035999161,19.2569359850603,16.9690794687957,10.24457346262871,22.0246271700841,9.96778849168893,12.36681629758133,14.9146054549039,12.501110412081,11.4079732357114,12.9683378815886,10.96073482101167,11.10931216492622,12.3352222427849,20.1301923755998,17.4970331391882,8.1590894521453,9.23204607224731,11.03989298053367,21.5104767955502,21.6905009594205,15.7365442390283,13.5385816157265,17.7602686669183,14.1280497152292,10.35608704624042,14.6075270781215,13.6206699912703,15.0321126923761,12.0262020957888,11.673309452098,10.24364329723301,11.13106623161643,13.203283173881,10.06743224418742,17.4792381989956,8.20864832833453,9.21965788531993,11.66532452930798,9.94902616753036,16.5014656277619,12.05036407618219,11.55559797714338,9.88842035443206,19.5785615538772,17.4853854479481,13.6290944722105,16.0956068543601,13.2659469156767,16.2709799511194,12.1316974373521,11.94938726116352,10.69742776277519
15.2598276519997,16.2156634778753,19.3879949919589,17.5588088735448,9.43122047707658,15.9355093878751,13.839646991174,15.701294901961,11.15154837475718,9.26586916567248,10.3844785569962,10.62174836977253,9.14173329485623,17.211638075086,16.8058380521844,19.3027403111963,16.7999804281188,9.89446954371192,22.5827833362107,9.78809687853224,11.71046540129926,14.8543589114278,12.2315335468265,12.3826039834985,13.528640183228,10.14001720475812,10.40961271670047,11.5981295363693,21.4424059869509,17.7169201614929,8.41608810458005,9.10990313554577,10.77787227594885,20.3188165686255,21.9363080191399,15.4420438224695,13.6936370632668,17.2212172568996,14.0435986151952,9.81164728970435,15.0276133851478,15.1427241551799,15.0547267541295,11.2405574859285,11.5045050786241,9.87478544909224,10.83248015210605,13.5996267389006,10.4827762377476,17.1191858263311,7.72487349661586,8.77431607972501,11.7865340920278,9.72802301931996,15.4493553847274,12.34611913929554,11.4102509335461,10.09028276319617,19.5157208897284,17.0747839334884,13.4210857036566,15.705608895656,12.8754594971877,14.9718569608091,12.6286236359675,12.58719223793473,10.6459618909792
14.5893862234761,16.1282668123794,19.753463674235,17.2889929962409,10.84145553098198,15.5762959450695,14.1603872787054,16.115270458225,10.36311591974698,9.88228578022512,11.3394659503445,9.21510488357126,9.52290954155867,17.673624122698,16.8334621812121,19.0891871598129,16.1927568642918,10.41371340659407,21.8644867551662,9.92975934954057,12.24842038023821,15.3696080116656,11.5607629916413,12.1957875812666,12.5466880134992,11.52288291065029,9.88491735659061,13.4368737806707,20.6199627301816,17.4105776562227,8.15750219174596,9.31666450036854,10.86885658043924,20.9566733332552,23.2981159151845,15.5141079871175,13.8217704685415,17.2397975904135,14.1688337446636,9.90136005947838,13.8806447607836,14.3584942962136,15.239826181412,12.0419597230237,11.1470282337472,9.37188767948598,10.81756900664086,12.3665428817276,10.46771809634738,17.0717889636724,8.34065647901446,8.7824695421331,10.7793802511091,9.41695913864228,15.9631143658888,11.7257962484362,11.61052759001086,9.74412184195344,19.2571546552785,16.7375706793651,13.8183681410085,16.4215259850838,13.6734957475093,15.5023108215196,11.7849571654081,10.89221512712444,10.64624106356975
14.9951833331756,16.1079448334963,19.6269108310569,16.9635790495363,9.34954295156099,15.333537985293,13.5789910095261,16.1103165961609,10.79066398031533,9.85949736670236,10.6913184507457,9.52849964214295,9.651040062852,17.2443665895931,16.6000629340377,19.3922436041079,16.8277542952973,10.14326231336571,21.1200501265603,9.93923996518209,12.65946723446251,15.1074176383687,12.8123776544082,12.379771949384,13.2936027175189,12.1933035796719,10.95642007467774,13.1036298674305,20.8790130003679,17.4545294139192,8.64374717773955,8.78755020146864,11.0111064240884,20.9572068593396,21.372814679562,16.3411998634314,13.3608649905338,17.2997439906405,13.7575497207179,9.82275430148452,14.9520551465726,13.9125633539646,15.220445139184,11.6193055474777,11.5393497033803,10.43604613280218,10.86634047525972,13.5273288428251,10.049658591519,17.3169501413534,7.82336923557305,9.27347284121653,11.82399421090064,10.03365504201067,15.7157934889204,11.70722491298608,11.70301922160906,9.72097776461668,19.614195061384,18.2441157469418,14.0591114815537,15.4991904636314,13.1987533274871,15.4826235235731,12.0599182912219,12.1237050862622,10.94623575484167
14.3249805528822,16.2025402974151,19.2961435832283,16.9498901271827,9.19704049041949,15.1157195980563,13.9955253301796,16.1635653870796,10.04875016518346,9.37930809380634,10.5159121705603,9.2106503538911,9.6165461580494,17.5653309027888,16.9162697904841,19.3102522717853,17.0793464172787,10.42571374418764,21.7290974808261,10.10010267472239,12.46289694751648,15.0517240329068,12.4083587276456,12.8278386280038,13.3095974683579,10.87577052448405,10.24889535827399,11.4319186611442,20.4303301464826,17.1499064526664,8.36242816524595,9.22925676010722,10.88832733669827,20.9874809695297,21.490668115723,15.8195590325074,13.5015606230834,17.569527553648,14.0903657388801,10.02131938062405,15.4892398712854,14.1631633905128,14.9361456650573,11.5375843398987,11.7515472976122,10.21841796567358,10.399301256305,13.0608146293864,10.33630362391658,17.9670308331816,8.3738849155532,8.4825797235514,11.27495628430996,9.33343605998141,14.3046485876238,11.55870572005038,10.29261346149043,9.6055019728186,19.4902327540424,17.1344658027427,12.9075986356351,15.9552216057815,12.732509643421,15.2692066383688,12.1818086518605,11.64147617919712,10.65560113429087
15.0391777951174,16.3488438040945,19.7237568278803,16.9118270543157,10.51460754852311,14.868101337689,14.1990714432844,16.2467106716452,10.88829142268856,9.2879491049526,10.8030367905386,9.47269168713351,9.51206905743839,17.2518484806872,17.0647656942815,18.9029777462925,16.1741192106459,10.29792064251438,22.2612480072935,10.00427875019217,11.97443430453741,15.0643347187186,11.9174212466437,12.53906376388,13.3424712575785,11.05712634716974,13.78911528410612,11.912992089428,20.8975038418032,17.4905327602324,7.6448589460848,9.12221481656394,10.31755523449648,20.7053159114446,22.442989621196,15.3422036626152,13.6887185947644,16.9604751921617,14.0560223410307,10.326703019919,14.0119639202742,13.8983610730542,14.7685581329405,12.2488991188405,10.7913126503638,8.88217806596905,10.75403232666012,12.4305417468795,10.0453481280723,17.7505324419553,7.70183193205364,9.37083363894846,11.46511344773279,9.23193309487236,16.3458895904937,12.60421868350882,11.61375134608888,10.12905041467759,19.2690296787815,17.3766564498173,13.9962847638151,15.747230068704,13.0218582607867,14.471622672799,11.5752767085544,13.74671395739428,10.58405386972057
14.9923585882871,16.1987211166201,19.5645472740898,16.7244920437041,9.55860303634526,14.5951817948192,13.5100966964115,14.9720846877501,10.35106113653124,9.26918744284789,10.9655745970724,9.00640516569019,9.43345693758352,17.1781214796696,17.0233289957067,19.0192620501041,16.3231267133196,10.47616897232016,21.5619407596585,10.30920652456006,11.82566759163382,14.8962425866514,12.3133746067987,12.9179805873937,13.4720297996922,11.65573179905982,7.83816084535365,12.2309567428747,20.743075866292,17.0372646108421,8.94755173176366,9.71973617197417,10.87546696226509,20.385977099106,21.4760553034558,15.2311263247178,13.3012444435962,17.3731732054375,14.0652760027861,9.71092461033994,14.686973006802,14.3467479042178,14.6214222364776,11.114558736234,11.2524300264609,10.47630177435529,10.74837064143604,12.9191789546734,10.01245770747794,16.9426548156947,8.0444636242373,8.44783045787229,11.88599919160842,9.61055952212583,16.4635314645552,11.10063015924071,10.95864249354748,9.58920256010604,19.6673606152113,17.7626083665246,13.363408165287,16.0232882236829,13.2757126947454,15.3307212551831,12.0102195218716,12.8643696901962,9.88450863287107
14.494781420681,16.4056747522609,19.368697923114,17.5117680649125,9.83117472652314,16.1538061675084,14.1295380735014,16.1468457606769,11.02170720450917,9.60554537826937,11.4264518628813,10.09326867245157,9.45872181326797,17.5655188812167,17.1698393091007,19.3888487646454,17.3256253257819,9.89900902313812,22.1977677113688,10.17085744305084,11.79055758312277,15.5354077157855,12.6578407906297,12.5142259535519,13.6610951296258,11.51489836521637,10.83097669073902,12.5714829446183,20.8177333464662,17.523161550686,7.99789623398687,9.87268193969281,10.65716525561962,20.7092005093661,22.3972044748411,16.2580048482361,14.5049553053556,17.5339882002579,13.9896239274126,9.83533354449957,13.9403956619531,14.9364513986019,15.0403100886403,12.4786695443611,11.198206078014,10.34871174439082,10.46328126192262,13.5539123234751,10.06409887713128,17.0268570069754,9.01926542116136,9.55793410009527,11.82681172012348,9.50922361864691,15.9213067554972,12.45949372863716,11.72751190580168,9.97280004154989,19.8897961044718,18.2872182295626,14.1168219486595,16.8301257150434,13.2298750335939,15.6384244679844,12.2955828440614,12.33205797180437,10.35949438398836
14.534754413626,16.5026113433785,19.3803636881662,16.9607193831389,9.66713628985428,15.2646533828956,13.8742491802577,15.7263033063425,10.19050782583643,9.69623735047132,10.6761026689051,9.29669393491622,9.39893629790554,16.819187213112,16.6732211499784,18.9372817334421,16.2540641313765,9.89653902844349,21.0322552261021,10.00915749771522,11.98182750491877,14.9736861861282,12.2148636162773,12.6869182934007,13.7644835731486,9.9867017048969,10.29905107669208,11.0488623675722,19.0767484883231,17.7427515068966,8.62128692725437,8.57949086897082,9.84193857530326,19.1443768392135,21.7264915763602,15.4168445743369,13.234613008647,17.0366525602652,13.7541461738672,9.68139807551637,14.6658390654445,14.3414612801696,14.913826388251,12.5951317181071,11.5030685113364,10.54764193842832,10.8688569984949,12.8051929435623,10.50790710859314,16.9374864573588,8.79775542075505,8.79752923619307,10.87297798177113,9.70813693835295,14.9058012498323,11.07050818641216,10.06547292825456,9.77978399184204,19.346496947123,17.3497478590412,13.6914927165092,15.2594836302972,13.4959906175333,15.9838438079569,11.511001907508,12.21127503132094,11.55069455551805
15.0278540155561,16.3709722442857,19.348115238693,17.1882061199731,9.68989153625244,14.6931076097346,12.8985683110854,15.4973079933735,10.21890987804908,9.99008394796806,11.3438939961451,9.91638958174446,9.71234646459417,17.5046020469056,16.9256065495926,19.1238957959456,17.3007811768926,10.73886658377071,21.5182994024955,9.83200497369931,12.52666660459768,15.6699858209576,11.6000471739526,12.5256075806479,13.3919214962277,10.98018230666276,8.46681738959386,11.8505741247831,19.1240753760206,17.6011255092472,8.33856680071452,9.45042156728636,10.83832070440416,20.8619404989777,22.2752760669012,15.6646911173431,13.8536033714745,17.5196239278328,13.4515831232211,12.07305284208373,14.2256946745749,14.19864836462,14.2997616669673,10.8599256750791,11.0250038228269,9.92108357431284,10.4694200737043,12.54056789591,10.57424833322689,17.102839001364,8.22682987007652,8.58781709613252,11.23168788913933,9.03665989200568,15.6747532953154,11.4226445444651,11.58008484486276,10.56004215455662,19.6107812396839,17.3780076252467,13.7740958873308,16.0127398752378,13.3153556923919,13.1377969160383,11.6397843159272,11.4592410637839,10.57749759063006
14.6537580982973,16.2630660784773,20.2209642962877,17.6127040827011,9.57110969161678,15.6887709852659,13.4527021285511,15.7847347897675,11.37819223014277,9.65379252535153,11.4587980000799,9.7147300077113,9.73302125969001,17.4874505601759,17.6468887560371,19.6042213021206,16.8622223058157,10.98744476841542,21.8041301188742,10.78697255870239,12.26724125872964,15.4064837765182,12.6896827848157,13.3356447224625,13.7042956909842,11.43840397239092,10.37909535294558,13.6448046708117,20.4816852254559,17.6938979081862,8.4523003709567,8.83578099745819,11.10139022511157,21.2322660584258,22.1594357819399,15.8073985943605,13.7051747515388,17.5352655889164,14.1461936947677,10.15534450009051,15.3084678443469,14.8397392587129,15.7210527537892,11.7834428003897,11.189816888719,10.34843730061215,10.63587661341439,13.9365722712719,10.04614569733323,17.0202845420941,8.02546940694607,9.67077080325044,10.7722540207221,9.57425416870075,17.1175349835753,11.66181832900257,11.44436635923108,9.86959929255705,20.2700109643459,17.9911057222634,13.8953252510989,16.1217889600808,12.8577631356004,16.285484781468,12.0498413657622,13.5070958663816,10.7630516547767
14.9347523530471,16.053060799355,19.1824911713922,16.708347932828,9.72321493622811,15.7644322339182,13.6208346014365,16.135654421372,11.16640173338229,8.67932220248228,10.6173688520315,10.16590286396162,9.1849735767684,16.8512967789797,16.7240363002415,19.2406783334319,16.6983235279846,9.59758709805955,22.0687923260708,9.81090518341673,11.58402362057553,14.8015397440005,12.4929031374662,13.15189859961,13.5783506230358,10.63188918098952,10.5132681430002,11.7972067876032,20.670720921459,16.8859038034848,8.21194858943299,8.68681259828537,9.93201918573278,21.0906481639214,21.79138580057,15.3084459956408,14.15133587586,17.0560288516299,14.1979784076662,9.26978573587073,14.7952919064319,13.8449031014986,15.0148907651492,11.6438227531572,11.1715910573385,9.98974018141919,9.90428215601578,13.1789031211706,9.58219615015372,17.0567922841135,8.14121314219977,9.93696731936005,11.22859183372613,9.64768512272169,15.2872718074685,11.48370202935945,10.52334656615587,9.41400015697023,19.1492249467365,17.7183470743366,14.3467495374932,15.7263533604532,12.806420685607,14.2451129375572,11.1364876089846,10.89207296552343,10.62029385956132
14.261697184363,16.0064423831284,19.1529605198586,17.174056078749,9.44940214371318,14.4707842156173,14.3090526891054,15.6381970106701,10.88191786406953,8.8675540133519,10.6631943593147,9.778563957581,9.26472493546244,17.2210344796783,17.1701999860143,19.2119911816893,14.9912869013308,10.34702383428446,20.6100183159869,9.98960018661022,12.27516888552456,14.8843843749291,12.1548611007329,12.6211856758506,13.8368948728829,10.09226374433408,10.60208540772988,11.639080685333,20.1450449493679,16.8643257812502,8.79439622009185,9.77661584063088,9.25087992862523,21.9282245804562,21.4896093025938,14.7317064953732,12.960261649624,17.0456148866867,14.2684463275736,9.69253429188327,14.753568288175,14.0810251641548,13.9791561458739,11.8416174105287,11.2377020206017,10.49413039379432,10.85107939264086,11.8909988372421,10.11451999615217,17.0716866770582,8.01823522793044,9.36751616798259,11.18686307950595,10.34558555666198,15.0664242984562,11.8432545233713,9.6383625465994,10.04373314434133,19.3607896880256,17.1659702799006,14.681827436484,15.3184871894478,12.6108652210309,14.8695359438613,12.4968777909891,12.32047185486091,11.40031412986028
14.8801097478129,16.3063018046707,19.3795128407184,17.4669645623488,9.40026637688899,15.8570215172128,14.5504941469724,15.2966208385833,10.2676932048871,9.68935971119597,12.1378944047608,9.90595537255195,9.93277954283114,16.6047439402323,16.83335189525,19.0295708089242,17.1655491188225,11.00359971555618,22.3991891331979,9.46107629219426,12.00348236782604,14.8956686181531,12.1917427812785,12.3714147607506,13.2115292137601,10.77010062758996,9.80115828924993,12.2651715158591,20.7091078612964,17.6356507899263,8.44088475181602,9.01608452069828,11.17596020980364,21.0740622736064,22.8502636679841,15.603424166712,13.4018821469575,18.0795603184876,13.5426994840613,9.95626141142267,15.2072787578698,15.2705460389927,15.1734807742906,11.2402389423389,11.0610704325362,9.86330798160068,9.90427329665849,14.0002585039315,10.22441277136736,17.8330563240686,8.67854953199583,9.22391873568271,11.12938951210074,9.45838410317127,15.8008176230234,11.25426658070178,11.86301919637131,10.14142592814719,19.5899459876933,18.3165581199894,15.0143832404754,16.3378389410629,13.6223754342602,13.6970018584346,11.8928971222669,12.49259846525527,10.84825653003767
13.9452814130377,16.6349804695778,20.2167105087866,17.1553425819977,9.5349899699222,14.8673981321509,14.4235492516598,15.753648790383,10.38214002862441,9.2067874336686,10.7669485844624,10.00955465063565,9.35245699130952,17.3214816105655,16.8450951660385,19.3544058512322,16.0242819493961,10.08631136836228,21.1414676728703,10.12017847246313,12.48162400673768,15.0035648723761,12.8428478942909,11.8509490960409,13.8638226913141,10.07321972321203,12.68633571774734,13.485278137453,20.0672670098991,17.4985765574183,9.1698471159633,9.39099890265479,10.66734619306582,22.1057294697986,22.8571518820867,15.7592741107087,13.769085728583,17.8132489116416,13.9627157325086,10.0443773275122,14.6939609120535,13.8287165122304,14.08722220746,11.3534479832531,11.5918860343429,10.57892190564162,10.86165727857956,12.7882610385112,9.98855341212138,17.2462818607112,7.95213392934816,8.87235532103486,11.31136972442644,9.65256947361948,15.3510143732337,11.56256459794335,11.14165466514926,10.10719558695391,19.4348771816297,17.2216271614057,13.100261639746,16.2586284788842,12.8466146695642,15.5772453671074,11.6565143788569,11.5289455605706,10.78074225554504
15.103016233987,16.26837345272,19.6909084419748,17.0540967744084,11.4467972620693,15.0164172944127,14.4767261340338,15.8820423572907,10.6059168579776,9.54638450870598,11.2852223511337,9.15783495037506,9.1632322943804,16.5824587136112,17.0053711327715,18.9117429272757,17.0348241436632,11.04068620064689,21.8929069427456,10.22050877750844,12.19488795073806,15.4806014961014,11.5032899350209,12.1125968922452,13.0791205670492,11.57009987935464,7.4452353431973,12.7863779484932,20.5475496103609,17.5547048721694,8.33597906827949,10.00974747553236,10.67814816310869,20.4014392680498,23.0995798237702,16.0269577205078,13.6092302340669,17.6013101112001,14.1059561825601,10.26736532050947,15.1233092754936,14.544327589022,15.0210098787318,12.1387979875204,11.5716506096425,9.59954613532582,11.00800433155354,12.3262967284212,10.29362441217163,17.0469657845086,8.81328613947236,9.84804445833993,12.07001565402334,9.84721605106807,16.1893823459161,12.44897195895879,11.72517987103398,10.37068374283642,19.3716625237416,18.5842565171095,14.117556518258,16.3258805891106,12.7862512953384,15.6995951493354,11.8549432774895,12.04123245932084,10.65743668968445
14.8243596485422,16.1662329600812,19.2868778518541,17.5186297412576,9.7121857447619,15.6227147713317,14.3620185644041,15.9428483111547,11.09066851039018,9.26120227233721,10.5897157768909,10.26757830009676,9.49406765025873,18.1650639645628,17.1512813037432,19.2328995268807,16.5588672478948,9.67287972575204,20.7750719815651,11.01485249278952,13.05110550426656,15.1383820139638,12.4896958628019,12.9531218926505,13.8982333302828,10.95693978097555,10.75150116128922,12.2478938739004,20.3189230815554,17.5054056630513,8.38043402884777,9.48710821909167,9.53659656323956,20.1984292852581,21.0828136568703,15.8727374535691,13.7038505995513,17.3564379477974,14.058867745156,12.0068887449814,14.5323534505049,14.3492861963061,14.4448842198883,12.0270593768092,11.0783459363327,10.27099552400902,10.95152480718002,13.1958408225752,10.50535882195539,16.8615443775479,8.76262204612091,8.36384182963152,11.42370455345394,9.63095960765119,14.6214736583325,10.8824928658519,10.19072277731373,10.48214305039488,19.5772409153701,17.3370456627214,14.3119841168402,15.9350965417277,13.1780114394665,14.8699875745501,11.8540899323206,11.4010201680795,10.66775875239534
15.0568606339015,16.2303961915237,19.3569718986468,17.0296115186441,9.37360316042291,15.0556436041661,13.9023562512519,15.7470043911394,10.3598336443528,10.08405687873244,10.8137344440807,9.19688772072358,9.93549972633943,17.2287796759164,16.6777191163048,19.5188785410914,16.1857834313586,9.91426930080499,21.8221814131146,10.27478499224172,11.62284263182643,15.1661423780505,11.7783301174558,12.2849735172859,13.5495055179936,10.94229635568641,10.31275950311649,11.7709301552872,20.2611450395383,17.4166211772119,9.19126576469262,9.76079928040061,10.50436217875849,21.7214259204371,22.8519042537322,15.1669776892147,13.626008511191,17.7005352904194,14.289402058076,10.17572959816641,14.5724042866576,14.0210315234506,14.7187423952491,12.242065769613,11.8713069429421,10.61782514272819,10.2708478480224,12.9162564803419,10.43591014451767,17.4274203945393,8.35362816927848,9.69137684495263,11.27928450507002,9.03824192098838,15.752384424632,11.16031772765929,11.57158267536336,10.61473320183576,19.6216366887345,17.3994633777379,14.0210557578171,16.1655131996198,13.3742391790702,15.81788901905,12.0740385133013,11.54300731696343,10.07938573403317
14.9565625216341,16.1024031578867,19.3170061073301,16.7078811686613,9.14289663991019,14.855418530747,13.6826018861548,15.4938709434693,10.29980083200879,9.40852945180607,10.8506331380672,9.51499673404035,9.22845861069165,17.3864325301449,17.1735556723769,19.2962905160116,16.539512343009,10.42376704868761,21.5360470364394,9.78828393849404,11.59218462332036,14.6801798921615,12.1260368302483,11.544798528241,13.6996293401457,11.20164727359875,11.15463912689486,11.8560856678373,20.9766823274515,17.2710679784663,8.68037459867905,8.76901103960557,9.80611124345058,21.0936609615957,21.6608415258611,15.1041007060261,13.6847282984684,17.1198142234418,13.8516452407583,10.51955449818343,14.8509424047972,14.3652363622329,14.1573276208114,11.8376936955658,11.4227531667291,10.79318700169985,10.57771878342614,13.7485254685399,10.35274319250066,16.5973970226638,7.93237461759317,8.26146081161084,11.56490112589428,9.14906434618463,15.514011650922,11.72091764379286,10.4022225608798,10.6845075377372,19.7337111178489,17.4827361651062,13.2886963677314,15.5287790875218,13.3517481562835,15.2175899271535,11.8004330913915,11.44198089409638,10.7739507944816
15.6594638414793,16.5963424876219,19.5730685173457,17.6128258155656,9.87166634664385,15.5071736665293,14.2801120901381,15.8413389414662,10.70244890570148,9.8944523960337,10.3928537388464,10.13382164521454,9.6066413826581,17.7475880260921,16.7395497311834,19.3376538621592,16.7548560879721,10.16671447499238,21.5461713441447,9.90025372183815,13.20034048963668,15.2725471297931,12.3607166819195,12.3564872860711,13.1926881530376,12.04060545404672,10.98166510342012,12.5304811652841,21.9210925882819,17.4999536145141,8.22378504321774,9.35196157644707,10.78912949669326,19.9343441311257,22.6226153210799,16.0601600465226,14.7495422980711,17.3579075894346,14.3978750849647,9.67427856717066,15.045639523312,14.1060856141629,15.2208654113799,11.6821909213892,11.1752220236225,10.42855879647825,10.77433620250265,13.1380798283441,10.27954827545445,17.0099663748209,8.46377405235325,9.21598238360346,11.27524973097564,9.34836144925951,16.2476878590007,12.14660584536866,11.81955360892298,10.2200234291865,19.4765610546396,18.7889016649061,13.4674218028311,16.3071609543499,13.0279398338883,14.1036993692272,12.4021325015875,13.07608991786602,10.66440386951322
14.4343085567268,16.3093197323838,19.5420114670168,16.9450541694721,9.40510391114591,15.2656194822051,13.9619544043245,15.4226008601117,10.09496955707038,9.77991020227596,11.0440337742477,9.98239480176698,9.37622646187381,17.7287795249372,17.0093884431656,19.3391020845318,16.4157093470998,9.95016707864696,22.1594998895141,10.21855857642294,12.17912426542545,15.0706451071217,12.7806225439655,12.7615902900289,12.3801403281209,10.40913514442763,9.09030813293005,14.2618918399052,20.0829758404095,17.667149009926,8.20196249715714,9.22897293693061,11.10979040504355,20.009157901497,21.4315140732599,15.9100938786681,13.3371885127207,17.5926047531746,14.4573679102291,11.60751151737865,15.4521672567418,14.6704078279635,14.8395888192259,11.7023827549411,10.920824989178,10.69504474575638,10.29634016798725,12.3002165768465,10.33106551798242,17.1068734796674,8.86386436566635,8.18660996971878,11.54268456229082,9.52710965630749,15.0731950577563,12.18171302317226,10.11953770369152,10.56766377670794,19.1259883795085,17.5426803401084,13.7563990656,15.7018499613889,12.9874697780043,12.9052697177672,11.896935063447,12.48300512303812,10.60744362730424
14.3911351228261,16.1821145863883,19.6586955826793,17.4125052799201,9.44884825482938,15.5386283245818,12.1841621154695,16.3420457575374,11.30049223533857,8.47716333207851,10.8229185768653,10.54431888375314,9.04175563518344,18.1816924461399,17.718985596978,19.3790069543283,14.9468878694458,10.59401491523682,19.8571145837096,11.06737983688131,12.26831615917142,14.9270414373677,12.8280772783202,12.8539155467011,13.1545933547646,10.14466351763477,10.97548901682816,13.4019405206364,19.0425109384838,17.7318935765968,8.25969542898908,8.49580353160001,9.04457099216183,20.982891242845,21.9779103716139,15.0767230831427,13.3608195748569,17.4258567213796,14.0559692703595,10.81340471953895,14.9887275085415,14.6263662908964,14.4931231561878,11.5489989929971,10.9003948270022,12.48871697551755,10.28638477013758,12.8185234253629,10.05761204732825,16.5494655817283,8.89051263777936,7.82488149696689,10.48749112184691,10.42017793647034,14.5627877468901,13.8219495808284,10.3682918109589,9.56714817535644,20.4582205208567,18.0743566607772,13.4560969869652,14.9406953621022,12.8018805134442,15.7932058253026,11.6347532775307,12.06816978963732,11.69340380071829
15.3786040262269,16.1742148849456,19.5864107730126,17.3657557942551,9.82182234697638,15.705436732146,14.6217430919126,15.7665137504667,10.51636098349718,10.00509125209789,11.0907501770632,9.93278016380944,8.97125775689832,17.4164441908483,17.3684662068832,19.1155344439151,16.7167115016121,9.59277350577724,22.8369020692453,10.61336382671375,11.31059810535344,15.4247952418465,12.6620971577475,12.1835159354827,13.4373257920174,10.97124655014812,10.49284159142201,12.6830452669721,21.085130616439,17.5600451920006,7.54128078234651,8.73117612600153,9.9674881328931,21.2285887035829,21.7093688865062,15.4073628891424,15.2624406017325,17.9353057618456,14.1927903249876,9.96813578061983,14.3460158082112,13.9319724603543,14.9599969739253,12.0039515215073,11.3059246699462,10.31574289392678,10.68458356770589,13.4169380421267,9.86505537542997,17.3086071337951,7.3232748686855,9.42660389852064,11.52748473206597,9.28878787900627,16.6771728165708,11.88985894752527,10.07282389688254,9.96766154577184,19.4986287790101,17.8466640317774,14.7585644451004,16.0607539602299,13.0213735186962,13.1611952013748,11.8441600440969,11.65738605055843,10.28354503469482
14.9142952047413,16.0345577131779,19.6673308770698,17.6165239839931,9.5529796274194,15.7781356457965,14.2980350669687,16.146190417555,10.08835294274098,9.74245799579608,10.6949657786523,10.10526686063021,9.3697810705532,17.4576860032748,17.0740406095516,19.3181119386463,16.8386946380067,9.68287550659109,22.241448100664,10.23072986814331,12.48015248344168,15.5876474368578,12.2661577408158,12.4296845175201,13.1708971745807,10.5727170611789,10.47886864774836,13.293086125729,20.7337588287636,17.8460781377938,8.85979946086539,9.24031123932007,10.76522331055162,20.2259991225957,22.4781935313169,15.7147058905203,14.6992267394107,17.8084603806501,13.8882254140105,12.01779369403757,14.832745041243,14.6112182755184,15.3078716238388,11.8436926163751,11.4329882989537,9.69831026098951,10.50461352925216,13.5096696340799,10.14430490094673,16.7326723839375,7.63110190447106,9.92212907792809,11.35947689041882,9.78729654808304,16.7897962766831,13.21127040349394,11.38471139528266,10.11994171287685,20.0403462563882,18.6051573168846,13.639144361781,16.5545562707395,13.4231149169287,14.8469938083366,11.5976448843684,12.16671885528794,10.33293353590403
15.4235644370286,15.9491279412355,19.6959492864424,17.0126881562456,9.74137271670031,15.197509318047,14.543000880094,16.3449527889353,10.15523831748341,9.83285041906246,10.4947538792267,10.53540932920502,9.51339009844931,17.1394798253347,17.0335156866574,19.3757297415177,17.3555545894401,11.25818031956874,21.091089628056,10.07183285963623,13.46641948472848,14.7951105505937,12.0732670446097,12.3912049614945,13.5052524941091,12.1201655145137,10.38990753044157,12.02517311504,20.996883144748,17.6461848061316,7.72411275252,8.69103526368511,10.40368575122819,21.2688033511038,22.2669543196152,15.926205037162,13.9887279522588,17.4324592059444,13.8912603568418,9.21728468350595,14.7826918693967,14.301657176856,14.7441517700909,11.6934109625504,11.6480302510668,9.85728876208378,10.49343284322468,13.2334333975667,10.1109513815877,18.0216219875108,8.34522594956301,8.43479435323863,11.35192190436713,10.220581936736,16.462947042728,11.95360565049053,11.36663799531538,10.174629161914,19.5738007001166,18.0079032208473,13.4845133165554,15.6100646369014,13.0505101629661,14.7375333478342,12.2049489928003,11.66288011292711,10.80789278260012
15.3910188399493,16.2164977135704,19.6289626978405,17.4684393534205,9.56439618328418,15.7361402923187,13.905861811396,16.4671816382297,10.42924521394551,9.56313543274722,11.1032572921196,9.54969799006757,8.60435065979378,17.560039482786,16.9798913000814,19.6860942630504,15.5955924391657,10.18821782656085,22.3695848197939,10.77326487855486,12.7139595828395,15.327690749902,12.9572998157447,12.9284604832068,13.8409426390625,10.19249325055228,11.27817723299064,14.4719846214767,20.625163161525,17.5506681296817,8.01935222977708,9.14027053233545,10.37212021753323,21.0370137543503,22.3763202476098,15.8693701130814,14.8240639171763,17.1617971821198,13.7959047717275,10.24429057652377,14.8453019120995,14.8275808759935,15.0317269440895,12.2247382707842,11.1759983067233,10.43471677127639,10.8169303476142,13.448666784316,10.31012638598724,16.3211341869262,8.34110970595493,9.48694032444454,10.70696172616857,9.95499719083616,15.4914869994955,12.92891114671644,9.89798562359024,9.61928106046552,19.4281082116411,16.9528926032878,14.4184911663138,15.8196934627791,12.946937242418,16.1453458252164,12.646341769673,10.89644776696054,11.05934420961907
14.3773028711169,16.7059443110781,19.3428700208624,17.1644662541587,10.29868219656051,15.15523635276,14.4306859754189,15.7178655882219,9.89168822628252,9.84053868672381,11.4639764389167,8.30581370424073,9.49327163591562,16.5218471947838,16.5888554023423,18.9156014881052,16.1792004423339,10.73030712924191,22.0939412922378,9.79822080385946,11.70039733178284,14.4164491256965,12.9935297761743,11.7274718350486,13.000081747454,10.96388593524137,10.3577826197102,11.563476607074,19.4239953944725,16.7365187085224,9.00705451549796,9.85806764150061,10.38987710163136,19.1399725573526,21.8972352047559,15.5279543573661,13.6848412192965,17.1989034257137,14.2177113857332,10.76127905193893,14.5826365872335,14.6530711491368,14.9946828657899,11.61098711266,11.4715882596063,9.11015628419561,10.89774442071367,12.9881341375987,10.20137150124502,17.171774196718,8.70399917590161,9.80576964613991,11.06575706324669,9.18252465862922,14.575049405521,11.60327641890528,11.65170887637205,10.3585105798475,19.0342025255583,18.1048301757098,13.9082508173861,15.6491145041026,13.0548328678619,13.5582277073306,12.0131116946667,11.03622068848663,9.8753118284568
14.8962665967492,16.8079776373308,19.962242901923,17.4492169428646,9.65156116114982,15.9587042733085,15.0381599019362,15.8719464866556,10.28769843463647,9.74261924781244,11.5166860399485,9.47965840270978,9.6951940900921,18.2154669832903,17.6419765403665,19.6613125282826,16.557944541662,10.25567711886151,21.2569704618863,10.04502912889746,11.77842348258446,15.7921063804354,12.514325552207,12.2494249954801,13.603415714026,10.48970148123172,10.11282534633654,12.3338797915083,21.2332367319917,17.6774705929856,8.69719059291671,9.31679996592287,10.28009704586204,21.1564737032468,22.0833489416876,15.3978542814994,13.9583763111629,17.7848549803424,14.3607303415292,10.19725812113908,14.6750769220815,14.084816032264,14.8626600330947,12.2700220751961,11.5771184635446,10.53599728725518,10.50271597944304,13.2889551828746,10.55635008262494,16.9656059856155,8.39612688459918,9.92816073572502,11.4820578543909,9.29220529475939,15.1911105638081,12.25050776629559,10.99129307707491,10.28898479923773,19.4521131629993,16.7205752678062,13.6868453624606,16.1207245201275,13.0978801266826,13.8637865834416,12.373640222496,11.00350028620822,11.48387951854737
15.103837381963,16.5919470783043,19.3327827898406,17.6136768730663,9.47389361485828,15.7632290272717,13.7565654211204,15.9499528678346,10.2856809162847,9.36439601397483,11.5671814713675,9.52380730052994,10.21974225288808,16.8435175454751,17.574906012849,19.5261582188661,16.194875567364,10.36243242286842,22.518903267407,10.29582204758359,12.06729052602609,15.6872225112402,12.0901623990866,12.1230978570285,13.2274404047476,10.90218038494302,10.46290113576594,13.1788662347279,20.914377603118,17.6428188908322,9.01749170504609,9.13141301012052,11.45978169723961,20.3849712195532,22.0424097618152,16.3134337932209,14.2534677976004,17.7872655996698,14.5916376324058,10.12127820421728,15.0349237490127,14.180665291887,15.2779591934196,11.9691506982323,11.3776470448912,10.51097221236698,10.72723915869661,13.434854969754,10.28313450930681,17.2691771899691,8.77910508069148,10.37367527313073,12.20204244900597,9.52404809659354,16.0139795062196,13.0045788337176,11.23481870938126,9.68346475948524,19.6768665371445,17.0170928514881,14.8321437093402,16.3548875935679,13.0084627794635,15.6663480875565,11.8445012572858,11.65900707742634,10.76119258140595
14.9077228944452,16.1882328531334,19.3057663231104,17.3102010326656,9.71604577050794,15.0230507191844,12.865832300574,15.8901486968963,10.4585520397626,9.04437614994115,10.2188248774917,10.01678793321944,8.66869214920178,17.5204065648114,16.665195627346,19.2736483623349,16.3249178039451,9.81794303403692,22.4767249987926,10.32280900431308,12.0322254987498,15.0153088768147,11.9563007251813,11.9754214756147,14.0968425820638,11.0991825192992,10.55661098532542,12.4045993412689,20.0931994467522,17.0339843834512,7.88897714615882,8.35543655091344,9.78650948596879,20.6187000486141,21.7738132773958,15.7295911433827,13.4515706163507,16.9110323464926,13.7577444511668,10.29647190079343,14.5516654947025,14.1444137222979,15.2867579215077,11.6853107846711,11.2834079057089,10.14334341376738,10.1260919834014,13.2526906160463,10.60733844246373,16.635648596553,7.93359354148197,8.35114814160106,11.62947106761265,9.48492930931702,15.9041838482932,11.49229044949054,10.15925890245026,9.79540247133783,18.9704344267502,16.9402899725373,13.6261019006411,16.0702406076835,12.9086018764342,14.4737467352956,11.6997340031781,12.51486697366671,10.39280330994143
14.2650066583146,15.5185466440894,19.3539731139101,16.696361891423,10.05685989987835,14.644345301661,14.7648411156768,16.0694961362981,9.52755245195984,9.13423727186202,10.928895064728,9.20623757409463,9.78222048829753,16.6523724245583,16.4252592382564,18.8519066754486,16.4017877768207,9.75759713469852,21.6337281299805,9.73160043472211,10.81039627750529,14.8140870013045,12.5152140763175,12.0946136303755,13.3698878843677,10.58271456547819,11.596794663029,11.4963957253803,19.8592712845921,16.9899668833078,8.25178389144419,9.87825642414425,10.50062376517924,21.5409612404424,21.7167624677002,15.5253052456801,13.7994228124704,17.5840399275312,13.6924184490165,9.59779565028678,14.4435599591255,13.9846676603792,15.1011321619588,11.5520826358665,11.1850635463904,8.3287012039523,10.11763765879221,13.3419447295082,9.93756135706534,16.8680647160945,7.77746273762366,9.22705792456393,11.48894288829146,9.587286666662,16.0217340523004,11.74803901367903,9.68587366130798,9.29423754329862,19.0228512587418,18.2933263523023,14.213808661507,15.7155447361352,13.0680798955012,13.427721039307,11.950138226637,11.7907662167438,9.51481808935216
15.401251554138,15.8013607749532,19.5990442032072,16.6805610726032,9.37164152480121,15.3158656777885,14.67447377907,15.9695616972543,10.367181036259,9.86611759983998,10.6695396527103,9.59826947333789,10.00639112621173,17.3878121577593,16.8837271595284,19.5981480423528,17.1183095903676,10.27691670047006,22.2198132632273,9.73030743450709,12.78786844269562,14.9922283194507,12.4665702574706,12.7363817254235,13.3590312706421,12.45870574415386,10.03221906582903,11.5809149964901,20.6008499072946,17.7218403889295,8.44679452362643,8.72018774759763,10.88709522268071,20.4996995789945,22.2664084265402,16.0455329514187,13.882233164452,17.1342963970136,13.8196428753295,9.70038504191157,14.6999975676164,14.0299254761267,15.0213543773894,11.6904889236591,11.5933522016168,9.20494157167345,10.99443995429836,13.563372487456,10.31877502540773,17.4811409874522,8.40926851062042,8.89077238729034,12.0392158977732,9.66817495046995,15.5691228628589,11.42602434005912,11.633195227309,9.76041280017266,19.3791367057765,18.5089554264891,14.0105273985165,15.8747614312288,13.1329324608155,14.1218505794073,11.9230305182633,10.7758270866059,10.27508743483765
14.9720396200751,16.4780017473869,19.3193383739113,16.3833001136328,9.52539556068261,15.0926367277562,13.7710871793219,16.1978272321515,10.39707417922923,9.30740511127045,10.4082157313443,8.75392014401077,8.83982392605609,16.7786485310825,16.8198928530781,19.3078023659781,16.1186633034525,10.64535317776808,21.8575592189403,9.99314981498121,12.61061727013261,14.8706686942935,12.3783142845609,12.5846125941853,12.8970050143593,10.90790930724192,10.30256715519551,11.0974217731907,20.189391564027,17.4333394399844,8.2485151310589,9.08107716223942,10.93119074683409,20.8598318941872,22.4836205875622,15.2346916871913,13.1510757299405,17.3928400261437,14.0675964185004,9.8505561457051,14.7481122709595,14.5376743336386,14.5914446614466,12.0292371436823,11.1971411081707,9.87689625266541,10.67628989241836,12.8302593653729,10.27539108209542,17.5373442692961,8.53204890919466,9.6321089040663,10.66523744568023,9.19515506299775,15.1288801527922,11.20342801710899,10.62969429646279,9.39869741854322,19.7053505453455,17.1293694964255,13.8407563501762,15.4254821453228,12.7849690754167,12.9937002940756,11.7626683409872,11.25990325042099,10.88695479317667
13.9046467659977,16.1789853709382,19.3823691989141,16.8737964263001,9.62654703242762,15.0994229013663,14.3079021476506,16.3174726064018,11.06816790235602,9.53784917889424,10.977078680444,8.4855604747607,10.02911138370912,17.5724724417406,16.6143104384525,19.3196301921835,16.5735993640236,10.35522412287695,21.1528425387841,10.01788505368311,12.81811132147187,15.053284408164,12.493926606704,12.5545382630058,14.0158208707032,10.97783663206161,10.20598505915244,11.9317890113131,20.0536985635249,17.560565208746,7.92864763384534,8.93858977522848,10.69528650680719,21.3623552665985,23.0625279414534,15.1789275805715,13.9483096351113,17.1591715242352,14.1987092319595,10.17100482722887,14.8228113111496,13.7976586766499,15.0474875739733,11.7596190505204,11.4055169517495,9.13645145377,10.48942414611864,12.7441471562226,10.23950414054241,16.8300744680496,8.48647365387949,9.55090726363621,11.47103406779192,9.8075000856195,15.6246620855985,11.73549300960556,11.6566465356283,9.70154446950025,19.6821956999048,18.791399735688,13.5827687293951,16.1892656128525,13.5175867042522,13.6574081354496,12.091731681238,13.20528930040266,9.83873426471786
14.8314068435938,16.3004279771106,19.353014133227,17.7673406744924,9.58298502184912,15.4044894967078,14.3597488751028,16.0612681587844,10.4351883510987,9.23223544957783,10.9019986050983,9.89977327155732,9.32890005516646,17.3962541673865,16.8879797011854,19.487561183351,16.8657798174154,10.19045883641318,21.4448382088888,10.41677595401757,12.08471861669836,15.6141713902342,12.459021652843,12.2995958081524,13.6433066369499,11.99461989680511,10.89345355410078,11.7596258401775,21.0542039680888,17.7094670601661,8.12701761392465,8.84086254757133,10.93906488620193,21.3990365108165,22.8681418214037,15.7226550984353,14.2509695653699,17.7387950190108,14.2632751784553,10.02346252565995,15.5469724827037,13.6619133069906,15.6442119042877,11.9007840218666,11.3826290543524,10.13320278930121,10.5031646793516,13.1851154860449,10.24160728169203,16.5060576050361,8.16721979567834,9.74873366392492,11.81840508195661,9.40064756390223,15.6554391588323,13.63257771664361,10.43363768963893,10.11281515135409,19.7513053948343,18.4304193838353,14.2675618880586,16.096935359857,13.377110048189,15.1649725468576,12.550663610978,11.11005257848012,10.10786244491468
14.5115325136943,16.184973937978,19.3252925319188,16.6723847448352,9.3531285932408,14.9883070659182,13.4875336031849,15.3881912877535,10.12691935738412,9.93167674922018,11.0354088679686,8.7953159442103,8.84642234856716,16.9177095635432,16.5952488167348,19.1402159098861,16.3062736195866,9.7498703914858,20.8048168277134,9.60888011158579,11.32574320785845,14.9020998859031,11.7694067085935,12.8837645390661,13.7947169080957,10.92419214851561,8.56147915330405,12.5626725159147,20.319650008332,16.8962530901305,8.54635784045422,9.29783009989371,10.62658513175183,20.3660582977626,22.3188520018838,15.4970539749345,13.3579368618547,16.7003461033514,13.7003724827554,10.36038068074453,14.8851372142309,13.588596340452,14.8634015253005,11.8299091229166,10.8347786906722,10.01277753794093,10.2308046860817,13.8949776041979,10.68353298200208,16.6738848945832,7.78951716668118,9.37903568378658,11.97735932534382,9.94244390975097,15.4232615163431,11.66724053165029,10.63465535853197,10.03962009696264,18.9708449049376,17.5610284089899,14.5832204637246,15.7582342361591,12.8533672544373,14.2815007505038,11.5204363757136,12.29430018150499,10.86969250393372
14.7601187553071,16.2389754088104,19.4818265352811,17.0761217574957,10.3622932881319,14.8829994399997,13.8214777757123,15.5010092223857,10.00110070593912,9.83492112744255,11.0812673588778,10.4772143264767,9.47789094863104,17.491422003725,16.6347727833177,19.2645073811387,16.7353174127726,10.2199944757433,21.4939969749544,10.68004823194224,12.66269057636203,15.4655516870349,12.3125153633157,12.3872397924868,13.4400122504743,11.29724569684332,10.0544937041732,11.8122742898495,20.9331269975026,17.1280187397905,8.63848939563956,9.01900545452601,10.71848301054841,21.0141008247038,21.5758157678872,15.4530767768793,13.1431124535005,17.24110117246,13.8271867494086,9.66883430868235,15.433613035679,14.1821721368128,14.8422991330881,11.6818881746032,11.3193864606793,10.64795837845645,10.08074947186436,13.2274867677863,10.60966693807161,17.5506135690959,8.85103335094133,9.57001185666844,11.02447355092409,9.82705152950492,16.3119721480472,10.78013419889596,11.55903909331662,9.78890568260926,19.6321030957953,17.6347284542284,13.4346461180865,16.0901453231963,12.724263950449,14.8652522792134,12.8910945787188,11.33860527655155,11.45864117410826
14.1291411512612,16.161132492299,19.274794642986,16.5166607229721,9.19938197693024,15.2834322798032,14.3843902218679,16.2879781717218,10.71813527241694,9.94029359153416,10.9359430402294,8.58228040797954,8.21975596561025,17.0897240889597,16.8338486352378,19.3216337431853,16.743283626073,10.17371396613505,20.5982282191861,10.12473480427371,11.71681063546962,15.1030740621566,12.039520380434,13.2816138179747,12.8741837220441,10.52588716288553,10.2502013986893,12.0124617732748,20.5762372216033,17.616936981596,8.31612728548958,9.62236050514047,10.63593382387929,20.2060814127789,21.7451016261206,15.1790568096725,14.1951167194217,17.4597789208145,13.8154000644178,9.71309099855793,14.6400399507118,13.8654552554028,14.4405904261613,11.3830982685841,11.6274225522266,9.55202649720943,10.36297060808705,12.7275018564541,10.16800555820162,17.3147386785226,8.15811349773417,8.70710779967483,11.54050382086158,9.25614526266317,16.2478547019081,12.12393068557274,10.13580487018902,9.42048030801394,19.3189093517931,17.1594326823725,13.6256001117032,15.9039361435441,13.1795768729065,15.9125670231015,11.5873553757513,11.05967420832325,10.71290442043446
15.0041956632139,16.1875232627542,19.6626985683929,17.3121486381085,9.73869654870507,15.7397375776928,13.5880187720248,16.1593780854248,10.65231186730052,9.92191680231333,11.1572470627417,10.89020856856692,9.08952523004447,17.4924839404338,17.4863037245484,19.6580274375037,16.7869066251689,10.07718148761059,21.4552402480484,11.05551372154024,12.41781988202387,14.6929033255912,13.0014978423217,12.2156355266818,13.3319454194668,11.26907241453687,10.6761358673513,13.1300511127723,20.7647397981086,17.7810952852192,8.26465737164844,9.7206244882128,11.03948322976056,21.6221698104732,22.017150283971,15.562777545675,13.7023484230219,17.9590946778912,14.4604586824794,9.86836032192052,15.0353279286907,14.4541570425072,15.5453605438931,12.0030019646796,11.4498048438717,10.27974726433716,10.1839755597514,12.742795227535,10.48997634519366,17.0719675194653,8.63404426356966,8.60622326930445,11.97762241078781,9.76567832972344,14.924688191113,13.11241566494731,10.7480925883211,10.63146139255168,19.0017675040268,18.3511644262278,13.715111142938,15.9611177671346,13.5414117172325,13.9247147868776,11.8402029457081,12.52396278087152,11.49834541799993
14.7604989110251,15.8713057794854,19.3044909725653,17.7343721590959,9.52732877818532,15.1188637648615,13.8187131463657,15.9714627837395,10.44336356521413,9.8062550590691,10.9775185288303,9.72764250436912,9.83169101861428,17.7234302726668,17.2067527542021,19.435719195824,16.8728186418808,10.54093339339851,22.0070447791819,10.19676963115264,13.50443065797994,15.6313289653903,12.6142983174309,12.2002043380915,14.0034807414529,11.81707292314815,10.90066256799106,11.5159965168219,20.2920188833041,17.9022081524473,8.77827988354551,9.87818037067716,10.67165684486666,21.0869582559716,22.3080311178239,16.0198503772246,14.8040676805712,17.6993937548923,13.9703274042671,10.57194198758518,14.9578237736203,15.1819044829987,15.4275090989299,11.8889995914286,12.0612130245899,10.41771809981295,10.30435282784975,14.0711591668557,10.07470985820969,17.5755781210369,8.0147791165938,8.97870060962508,12.35473079141873,9.20823060279986,16.3619210236937,12.77082412456885,11.95208967431958,10.3107638121758,19.4244700951194,17.1414369806636,13.8067399593812,16.598900492915,13.368833749533,16.1333004828172,12.1172975506755,11.82191230421391,10.47152688169826
14.6553786686898,16.6637954189211,19.8626350943654,17.515305621692,9.66900339190191,15.4342040852079,14.0832333424135,16.3579606892556,10.82931948933837,8.9946021444046,11.6901045855738,10.60121680987491,9.34026481672255,18.1629773037225,17.786367572904,19.4445431349812,16.5501996058112,10.19981172277934,21.791597361454,11.10738821536975,12.3246454580094,15.1723627603399,12.9537839152753,12.3946616183124,13.8084631552777,11.66136792309553,11.46109410302319,12.4384609929386,20.2657919072076,17.7713400206944,8.18304525964683,9.39348426646246,10.72786424458819,21.7263793542916,21.7250239317868,15.9951781747961,13.3596156628502,17.2200963050329,14.1834507164264,10.01289283565991,15.446085585481,14.8651802250193,15.3676281897762,12.1372944727352,11.7029716861515,10.24271195286256,11.20247274525577,14.134038070615,10.75540862354924,16.7226014797423,8.28640843679779,8.83902792391103,10.94635686196104,9.49314703804147,15.1154230769783,12.83025348884249,11.7656554393662,10.58354611295228,20.2668270669395,16.6636334538257,13.0117303357474,15.9016840335157,13.8407725553512,15.8819276896723,12.6307121628494,13.03900008191409,11.24165246533432
14.5089567726628,16.3275108393526,18.756384892728,17.6100290510758,9.65147938402922,15.6682718390514,14.9096892722081,15.6749939372678,9.84387867482465,10.0489073320374,11.6901477891373,9.95132039697664,10.22357668748266,16.8874019596908,16.7531352815044,19.3532727916314,18.0851688834919,10.26873901922615,22.222108883213,9.51155854311153,10.46839822108738,14.6375831443454,12.6912099603435,12.4888798009177,12.8610858566908,11.81764475714202,10.99670434847905,11.822830550553,21.2295350724622,17.6103724094025,9.28146739025273,9.45650939616029,10.95582155595464,20.5663000220975,22.3564152274887,16.0486992308829,13.209704392789,17.9878420532476,14.2433730840425,10.26231225340856,14.1824460865208,14.4762297148588,15.1907894950891,11.8452833574769,11.3820867819283,9.44785321611191,10.68313839396086,14.2036054916436,10.41156310789211,17.484425314972,8.176758037264,9.44260084137024,10.7736004330735,9.31765507586544,15.511332528285,12.93415437818133,12.39988229224647,9.20185562414103,19.2791183228888,18.2372015037269,13.482774518102,16.1023813287453,12.5439995234471,14.138616720381,11.7608162498987,11.27586173011623,10.61339206089578
14.4866286427693,16.3943531494225,19.4515495122066,17.6922856280696,10.00109531509835,16.0512633094875,13.8045645099823,16.0698824635454,10.38272014107464,10.01077024452936,10.7418252301718,9.50558426087201,9.55623796530505,17.0648706405091,17.4495678052851,19.451521379772,17.0933236020836,10.9565629208685,21.8738671878102,10.28757199785307,12.11965614747742,15.6290303381278,12.3538836830018,11.6553318328295,13.2683340236017,11.06114657883709,10.31803540048804,11.2467805101239,19.6859834072873,17.5533467500705,8.37154270523617,9.09653666720799,11.24476364103544,19.9882920912746,21.835053415297,15.0264013616916,13.7251853052101,17.6238056522349,13.9149959258829,9.97817912507222,14.2088255571878,14.1001811688303,15.2090561055557,11.7892219032848,11.0691467431134,10.97464928761454,10.90058687290477,13.6641844733219,10.64109078679786,17.7251006972154,7.86570608922868,8.23043261983777,11.67469453770313,9.70022614213773,16.2952182669446,11.14010276667136,10.44198062637785,10.34189440327947,19.3164150531808,17.9278039483022,13.2176569261819,16.0414733746397,13.2891835073023,13.5770727935109,11.6850004788904,11.02439236433399,10.00072847586011
14.4965458989354,15.8707783444112,19.9686443002114,16.9592527101389,9.60713963799039,15.0607207390916,14.4607385533212,15.6441034401021,9.78693714437399,9.32178445242932,10.7209669724173,9.59653007748971,9.29047599530108,17.4620117884908,16.9151163221419,18.963829904011,15.6607716799331,10.57685492084344,22.1130123198029,10.09934746761505,11.43279014718625,14.8247643110751,12.2193137828321,12.8447857666934,13.3925552258666,11.30778451053285,10.55056379866868,11.370224604538,19.998075387227,17.3734347993336,8.57567264830005,8.85433277812733,10.57502282301649,21.9230318320932,22.1946859195337,16.2573721499421,13.4705708141104,16.9600974057534,13.8866609559297,10.72654602337304,14.7126902009392,14.6977722969834,14.5429810163603,11.6573243330867,11.645299978754,10.62096241199317,10.35602748524035,13.9108378608878,10.20093619067789,17.3115298476909,7.86367535524832,9.27164380502666,11.46127025656388,8.85126408419774,15.5679351428055,12.22884442360849,11.30681417894858,9.75571165420934,19.7235220517432,17.3845930363972,13.9230647775386,15.5624261553381,13.1591638689385,14.5580120071171,12.249581327209,11.59700596233705,10.74224143187769
15.1429760273724,16.0826751790655,20.0252711222306,16.870527597958,9.49343113354602,14.7519947930315,14.5036310434809,15.4549476749993,10.68488196585001,9.95549862107817,10.8961338218387,9.18672404779741,9.46642633027179,17.2335422715459,16.602578366998,19.2791406282719,17.0173653347783,10.60944042432816,21.6807684514239,10.2302215377639,12.06367550640509,15.1005913281569,11.7263888927105,12.7714753338847,13.4516943778381,11.65790926551659,9.26419421880148,11.7330212139415,20.5722218784588,17.6097595007581,8.3196718245205,9.12857290510693,11.41018975104043,20.6070143312582,22.7804951886535,15.5205119753595,13.7385299106466,18.2749716000912,14.071529909985,11.76127674319888,14.0213512753931,14.8006262667325,15.2738806433657,11.8479089423771,11.2251236307173,9.0148028567207,10.61157926192845,13.7099543377988,10.64965256579204,17.2795981176145,7.75803055325226,8.83759853034697,11.41950629063393,9.27493783224308,15.8524251177938,11.45104019631089,12.05566427197465,10.10697648012215,19.1291214888485,17.9005619725143,14.3379019778676,16.0487576215985,12.9683132413115,14.3392418797272,12.3176684343281,12.21654127851488,9.90607449856518
14.6400304678491,16.0288298003151,19.1078578383921,16.5083024168501,9.45063675934892,15.258889515007,13.6878395144084,16.0908445828414,10.23658627956765,9.04426271111187,10.5033040411363,8.93578231163356,9.76931273294186,17.3103550064528,16.9419593773939,19.0944393138816,16.5309376520187,10.44282984804581,21.1986161217542,10.49864319196416,12.38012153741729,14.7507520131259,12.1225442293294,12.1832245860781,13.1398681115385,10.75157105453317,10.7659710264788,11.9130912710238,19.1918266529324,17.5786420759044,8.79199463655407,9.27552186745554,11.12621333798751,19.6873314969807,22.4586577127927,15.4431735001344,14.1967223569908,17.5931867808417,14.126806702593,9.73457983594695,13.9824960610207,13.8256274758819,14.8229295053164,12.1081523663487,11.4636132922426,8.73094770134725,11.24409385035346,13.1244530737603,10.0268202203989,17.8537586980575,8.24547004564214,8.61631077291832,11.44216988805493,9.70853116445241,15.2195555124172,11.08628951708591,9.68103059586996,9.61393928959636,19.1312519874421,18.0161529220396,13.313894579897,16.4594869178175,12.7987812999696,13.6454827950593,11.8846143601622,12.85612189085547,10.09930763175705
14.0285377014412,15.8331769488288,19.3950731259761,16.7346659959079,9.59655981501189,15.1896947758098,14.0951261051472,15.5582975324382,10.74659004565183,9.75628361072517,11.1021497045215,9.65573789681237,9.36715943573423,17.4596369239434,16.5226309983256,19.2871251726867,16.9883120878452,9.56862467447018,21.4720577207011,11.02488718508871,12.04312752416228,15.4211658357577,12.0394543120664,12.3618179327733,13.6194205713352,10.84763481493017,10.17824158220482,13.0267501705115,20.5838891873689,17.3776943497625,8.65511990476061,9.52204162299361,10.5900338902899,20.9361171843817,22.0819409767868,15.3422322606129,13.248348270295,17.5365829216983,13.8294553043698,9.77229165181625,13.9404669174435,14.7451398371409,14.5996316613689,11.7782458931572,11.4495653020995,9.88307571896662,10.66678799363291,12.9643980671408,10.33549714633042,17.2667544898818,8.03742318586103,8.7962405235245,11.2432085450294,8.83979377056627,14.9780913887417,10.66934456931708,10.5972415842375,10.10489116799294,19.4538657805885,16.712133736365,13.2319079140202,15.7278618909006,13.2840597233602,14.5323320716866,11.4047553337901,12.1862739864467,9.58660236290007
14.6997201109012,16.1875904740998,19.6273527111589,16.69535967406,9.70377395099934,14.8628256586851,14.2103357663964,15.7063877571259,11.13629186035768,9.25602825500849,10.7349000640076,9.13574373782387,9.32416108749557,16.8450484240028,16.665702977521,18.4172055391154,16.3914965242026,9.85330841701351,21.7511740250853,10.36616218031863,12.28681940551653,14.9187801644742,11.5841669514084,11.8075120387384,13.6053772655084,11.13961479610066,10.12578494941583,12.8979619112098,20.2885612656188,17.5221281019703,8.17392791085566,8.53964380041712,10.57072550922947,20.8484837175277,22.3365163881738,15.3260406077272,13.8590000352375,17.1554056144377,13.7882073011105,8.438529848227,14.7905983190756,14.6343635994298,14.6952068857419,11.5755896050355,10.9404364421985,9.1852204310347,10.2516096978199,12.1466799796123,10.78289807600978,17.0852776528442,7.6343275770112,8.2063516364605,12.04365705403883,8.978851410639,15.6020245687514,11.34885050999946,11.14413012442501,10.00690257456957,19.3398134164451,17.8698171975235,14.0464763174822,15.3115936096767,13.0524533330371,14.3265863056517,11.7538649874467,11.40710830444794,10.90689363087894
15.2366352712738,16.1970940819815,19.2684785769703,17.6030823168465,9.47048747290119,15.2688265670779,13.4924003041999,15.3679791075529,10.26660075088046,9.03071324780645,10.7439594537438,9.57976178071734,9.32104306957793,17.0929789147505,16.9740657935454,19.1577747611623,16.1889099111987,9.86720372638362,21.9211320363233,10.45826746805074,11.90398815580757,14.8857661174434,12.4899947886303,12.6882269945741,13.4988323379185,10.62684838943135,11.3811174990429,11.9346645784323,20.9223802537083,17.1015815520779,7.83247872395262,9.12116013611706,10.30714283108026,19.1849801226469,22.8904639520212,15.6639185726363,13.5929162479149,17.9397526061062,13.9078227174288,9.82162229362161,14.6082930222454,13.9457381221572,15.2648594208002,12.0366869401347,11.1191847381377,10.18980270559746,10.92997001854436,13.6082430176924,10.14372522592448,17.8598725019567,8.42915228946846,9.62265745832943,11.03240569965064,9.92395105557483,16.24977560304,12.20802147624188,10.14261270036595,10.12290804426515,18.4179124775926,17.7028180800563,15.1868221697557,15.2124539222276,12.9661960320646,14.9163311682802,11.7100946513228,12.09813275327471,10.18146948269739
14.3976178956173,16.1095013184775,19.4155839996898,16.9400148150493,9.68478981515438,14.8886363187296,14.646056906742,15.7836827149028,9.93936199538096,9.37089366868029,11.261727074724,8.77222897121538,9.64644389993341,17.0691720197642,16.9314763359346,19.1426746227379,16.2927033252262,10.4103745552222,22.365764171974,9.89654671693756,11.11820816195778,14.9213291077227,12.0564167621396,12.2955570427609,12.4606100065862,11.05679275217696,9.94366344433886,10.3128326834809,19.8960781194067,16.719977055583,8.67358587379717,9.43666713700885,10.92594285806046,20.7319781703459,22.2675919694925,15.9667423078834,13.3638752125486,17.4434323131904,14.0079848302326,10.62171169292991,14.830965015583,13.4750764714104,15.180041015411,11.9685881294658,10.7946007008354,8.64572283967831,10.01720926726857,12.9049210716666,9.94142124720944,16.0518174595719,8.93399179485846,8.34832036776182,11.38889674565729,9.40400979768332,14.6161434430331,10.58403969403066,10.69818809399897,9.98585334272066,20.0353668002712,17.7719981552722,13.6796575302822,15.6485328741487,12.9833503668167,14.5665270413097,11.8436611224203,11.37787266866717,10.83672242995155
15.2621526501573,16.7612182227522,19.7101698273269,17.5060566722669,9.6607055622385,15.637134596551,14.4737730397098,15.4117864253886,10.66576087509478,9.26176331109671,10.8569601139036,9.52133568727712,8.87743506595238,17.6000385704643,17.4098780094137,19.1508323797351,17.1996474767922,10.59489899168702,22.610082590951,10.55786285812014,11.12453874631296,15.274126319892,12.898311997781,12.0527196993084,13.8674363958293,11.29797467181808,11.40253565599755,12.7417902067685,20.7488648025519,17.6190495278744,8.18268585060218,9.21631688347467,10.5467524984077,20.5608827125066,22.66769863337,15.5531653296835,13.9306385798897,17.6783504380209,14.0938408825692,9.83566267672014,15.2373765963856,14.1270096404679,15.2646332110738,11.7755015250585,11.3161775668359,10.39236057701316,10.73157516149261,13.0101143411754,10.04709734479876,17.0998980142741,7.98114593355628,9.67004489182994,11.78830561629986,9.71288264711594,15.9637264366515,12.94493643499298,9.9652788109111,10.09798326333124,19.1857052284551,17.2244808814516,13.5195357816299,15.7492953184256,13.583599335118,15.5745445941131,11.678475841522,11.3693028786467,11.08257237745496
15.079517681571,16.1341646696122,19.4524468018285,17.0825196230672,9.47369003152078,14.7077156167304,13.2346739072006,15.7463061695505,10.77566441730583,8.99266810964359,10.9894347362632,9.01015727778344,9.90507629450052,16.6943260760125,16.8923408159646,18.9971986732784,17.1630541084138,9.86735467174166,21.9027248560768,10.46344105804648,12.32485512579872,14.8783010498534,12.1447865088998,12.681682436901,12.7200916756307,10.53244032087725,10.09050447207226,11.1213375808895,20.1471514007425,17.4157197882647,8.66584733301996,8.79428770007019,10.89161369926249,20.0050865866265,22.2999085401958,15.6283915742492,13.6903334241525,17.4053952833558,14.0183483348334,11.01500536465709,13.8937401074856,13.9266082301095,14.6960701829664,12.1400898252636,11.1895306304175,10.31484733397172,10.59092052511158,12.9637964993532,10.18689757648127,17.7280957165932,8.68492101903725,7.94708734989244,11.52709907027632,9.31339970626593,15.885540914459,11.12634518800259,10.55346366784725,10.15917680722404,18.803074258236,17.2164395235522,12.8330871167282,15.5818685229501,13.3106319597756,14.1043577278038,11.8851475545894,11.83229116828614,9.72203388391918
15.374188587,16.6125217249311,19.4167054257248,17.4485619022442,9.6943157414081,15.289009124237,14.7864066298254,15.4917339424743,11.06320258289971,9.21994079115026,11.0005553571422,9.59179467467797,9.31774824930318,18.0354490588839,17.2930423260692,19.4985064363398,16.5591409149873,10.4248302448847,21.6184667156256,10.56330296761942,12.52785197595346,14.9946432602785,12.5336231598975,12.6363932015444,14.4633225182333,11.34426294717246,10.18697397418008,12.9907092331059,20.9585124501273,17.4303483291081,8.32642202820637,9.8795055900689,10.17264827385558,20.8266785781356,22.4235975122573,15.7065333227322,13.8789224567539,17.2036464760558,14.1325558906561,9.96540630660805,14.7722033955297,14.6747625859427,15.3709275550547,11.2644774986898,11.3938850439676,10.16425096483341,10.88424252741396,12.7465082034089,10.32989169261235,17.6199041175167,8.13246715552842,9.56313846566472,11.70340626186484,9.45177872729123,15.5008302612863,12.37775640450411,10.39149426368757,10.2323132292016,19.7827419431634,18.313461294881,13.5273961879547,15.6346358722625,13.4744008232361,15.1060030214712,12.1971591875053,10.90437245194223,10.46613324783021
14.1979129540807,16.4064890235871,19.9555002904792,17.7441457311703,9.58729990462142,15.3635242093328,13.6590025411764,16.4020042478765,10.36175972342168,10.02526317873714,11.2299331408922,9.82926906390191,9.0649081558399,17.3601428808348,17.2633805796607,19.3954682287692,16.3920672023779,10.05498759610908,21.7538982438888,10.71657250429886,12.1439754503695,15.3060050580604,12.1641159262505,11.6879169586516,13.6853494290011,11.50836265981056,10.79270994471009,11.7423933182317,21.318770329642,17.6353976227131,9.0074838953653,9.05384481936855,10.91082483868585,21.5573914422468,21.0782418821966,15.6752489859602,14.0376638942607,17.813417485104,13.8955647007433,10.05689042382878,14.7279610604648,14.5264137240745,15.1840847900957,12.1020847586879,11.1931403796828,10.01747855302526,11.08256769272719,13.8984221805203,10.74585817947724,17.099067098098,8.61242463060536,8.54016982250716,11.77669583899332,9.6016504388607,14.9016379614948,12.34220132535992,10.06946706377162,9.63532752469978,19.440026545158,17.5595937461223,13.7729116971537,16.0892554271956,12.9631494834525,13.2734126388867,11.9564454095479,13.31577325662998,10.7038477897738
14.1904197434913,16.1710136517746,19.7083886112545,17.06848785687,9.81389208717882,15.100441639739,14.0395258067513,15.9215543569141,10.85960092863828,9.52289821056046,10.9355852639612,10.59070385856922,9.71098773319688,17.3019183831254,16.9681217694517,19.4749822505044,16.3526126128439,10.14951924104709,22.1005345854091,10.04713286446996,11.44256686585278,14.7560341468848,11.6947394167099,12.6028621050167,13.6650463974185,11.26403138076093,8.58407711095859,12.6738372314461,20.0956052337368,17.6817257684767,8.31054550368168,8.75179501935863,10.59976479148008,21.6531012758958,21.6419558029632,15.6787963557432,13.5890591328696,17.5803506118169,14.2206030073136,11.10309995458156,15.120258189349,14.323135991406,15.0135970478978,11.5036330989937,11.356424411958,10.23378830487959,10.83647804873308,12.6014342090422,10.55315711639333,16.6682993498828,7.90486602793212,9.36569159181224,11.50577052679248,9.94616871398142,15.3588633015095,12.85210393526738,11.40266673065364,9.99291267430239,19.9866648051752,17.7555223197613,12.9668467243421,15.5796516026559,13.2467085310588,13.891353359427,11.5448253678154,11.86977013592296,10.7480164188144
14.4410874125917,16.016273053576,19.4022225445335,17.4607672706856,9.4233179616394,15.4866850768938,13.9249876529981,15.8477757889994,10.79558313558354,8.65697209349848,11.7915744034331,9.80532190939286,9.38400726887428,17.6013061970226,17.7487295396998,18.9153852197479,15.1339805836635,9.57951660508498,20.211651553864,10.36698824042655,11.60805947827514,15.8193809535112,12.8907611928747,12.7491638000321,13.7427213720323,10.13916590654342,11.40989193567558,12.7684748893444,20.643353556432,17.5529028832187,8.14058690809318,8.92082081073387,9.91541889286372,21.6830911106453,21.298104431909,15.3522491338355,13.6994102135748,16.8084034682614,14.0231117690201,9.71860289948848,14.2560382906206,14.6248163580174,14.8779051829778,11.7430448917494,11.0360424844081,10.6627230817136,11.16028361840993,12.6457393367729,10.62929780387339,17.4754494704241,8.62393540283098,8.46528438610584,10.37971545367382,9.95061188356005,14.7553573805903,11.26812125605231,9.97094894079083,10.09928537935575,19.2384757982998,16.9157162580181,13.6679462923223,15.8339233630224,12.9799720143461,15.855162576042,11.3410256678951,11.08253333296032,10.53046042595794
15.4058538424688,15.7479258900793,19.7001744796888,16.8252813130221,9.795721080317,15.1175653780381,14.8071101022306,15.5033543287561,9.92819632896649,9.50482486938719,10.8605974336808,8.95378294550617,9.13093275175666,17.1701983146181,16.5074791237613,19.3932531934172,16.4229922358279,9.74293998580206,22.0944175839338,9.91611435454094,12.24685053918901,14.6017993899354,11.9742814280669,12.1514395569296,12.906892488259,10.8124934814696,10.77206485019802,12.1149303254624,20.2825437587718,16.8416204905369,7.98257454157225,9.12163239458547,10.73659058331109,20.6716004238954,21.9076871389528,15.2152654017006,13.8800715661004,17.5548839608609,13.8079847923587,9.94197943832491,15.7364005457522,14.1106240048064,15.0062032666856,11.2919866310174,11.5433607793236,9.27654602500976,10.57490161325362,13.1666319003752,9.5939482392178,17.7538897820922,7.82857284439913,9.23542511951187,11.28003468674176,9.57621040563368,15.6918410746805,11.6061423830449,10.8962097777354,9.9731118613328,19.8041583992712,16.4624908339399,13.9610376822194,15.6553992864253,13.1752504338073,14.8141559826193,11.4209789969268,11.90418879521685,10.78371776299936
14.7309132276414,16.564807110067,19.3826796107559,16.7568478191911,10.80006106027082,15.260643463943,14.260783588109,15.2676909953988,10.77754708407884,9.69009079963465,10.875014280546,8.91074293974528,10.01405379997525,17.2143583337792,16.6278585707388,18.3728107599068,16.8631778655675,9.72281853332976,21.7949177754123,9.91692568586523,11.66753297596363,15.2052272846541,11.7854933608882,12.9155031255714,13.5033879042889,11.53436573086298,9.2027801533967,12.8864146336723,19.9001062408374,17.6186103764818,8.22297915947489,9.07298318142844,10.63177961846744,21.7438059776001,22.0160870662822,15.8130628722158,13.459265139659,17.75427243023,13.7933386900958,10.89230967390707,15.3441837297886,14.1234229227253,14.9011573871518,11.2827702669135,11.2802083907507,9.00980498399055,10.15920329331395,12.428007772234,10.07492901475679,17.0345698564249,8.38015939572257,7.9911157989295,11.08169137063836,9.20002627281696,15.9276699936758,12.16910346946182,10.7310960308116,10.04319036471597,18.9276552462611,18.2454061628931,14.3644288041019,15.672773641886,13.1826279069823,13.1111859580394,11.9488796255452,12.77218162725448,10.48279508978582
14.5024659462307,16.1622929609134,19.3797172588448,17.1845615431751,9.95170878191214,15.0313634719716,13.3516034983238,16.3969139505581,10.85283360083297,9.03388048732644,10.8027994700935,8.93117432298202,9.35633380496723,17.7004348976141,16.7191652637073,19.1239591077532,16.5031064056288,9.73264433088005,21.1566758184691,9.17285233367437,11.38680652549494,15.2403781095607,11.6212906698392,11.7757105479962,13.8249299479748,10.2940585535836,11.26436692362703,11.0913367629388,21.0362441840909,17.66920760018,8.48335004590572,9.14195997283093,10.62843043400253,21.625188993707,22.0436870813494,15.4204995568956,13.0253941403945,17.5780161021278,13.8962372103839,9.00492760624582,14.4727183436096,14.5782005323165,14.5468215130978,11.6586793809753,11.2187350401634,10.51521306285644,10.59575942495432,13.1365551820952,10.17216230214166,17.3256238393948,8.46535092189946,8.63973188758637,11.17286034248176,8.96171844863765,16.5850773246279,11.17091391915326,9.75563658644466,10.05609730914372,19.3131851245404,17.2282411432679,13.6471295631598,15.4697081110914,13.085249601172,14.7914909803901,12.0512548069602,11.35909881133498,9.94601546629829
14.2088341864732,16.1479525907602,19.7314259376439,17.391296794674,9.55749203595221,15.6176542141579,13.9262937258004,16.1472018580528,11.27228231360393,9.30573540936213,10.7389359443289,9.73311227472317,9.74128581708746,17.4496363438915,16.9179668743358,19.2173814382587,16.6687537407814,10.05654385832962,21.3552227751948,10.29390522741622,12.11565738486936,15.2258850580966,12.4376038980831,12.1488718311946,13.885406282043,10.72465062902672,10.52070940230251,13.135572279273,19.5556936494875,17.4031473075173,8.36480496575009,9.65122605210311,11.11147129151012,20.7999530514127,22.663653683275,15.627899439726,13.869042510134,17.8679228937796,13.9178391193383,9.72375155779414,14.1216997562202,13.8467161404621,15.5627412101288,11.9775105183742,11.4535619336261,10.23878864213177,10.68189801995198,13.4506932034834,10.35176723619792,17.7872421527546,8.18530087519042,8.97492775062579,11.17760051011089,10.45567631797938,15.783960137486,10.98481506974544,10.25567517312868,10.01632222906248,18.9826751362876,17.4483555240056,14.1681745954073,15.9700221890676,13.1082449927111,15.773655916959,11.977067254684,10.97287787511889,10.56009163043681
14.9760203703673,16.7078866275769,19.7415064424529,17.1816081268234,9.7644508748569,14.8607871749941,13.8761892431004,16.251839670327,10.56738656156276,9.45446494116607,10.9501101929868,9.1411170895129,9.50162466840143,17.6722287551984,16.8575535131847,19.4729689937681,16.8400062239075,10.24707639570831,21.7467605473338,9.76176006512781,13.02216226765412,15.1970967309619,12.4656222142969,12.2403708799899,13.0332797618256,11.29472803145486,10.73516160505444,11.1277783087557,20.5494228631496,17.5460833330851,8.4051134578428,8.77723510272454,10.70219144489166,20.8418662174828,23.5444549322478,15.9140594911007,14.0828656632115,17.3753879718692,14.109149163441,11.20249791917729,14.3048646241047,14.4478785034889,14.571077926674,11.6835957752866,11.5261614983018,10.30973206978436,9.83608093029489,13.682385007815,10.84210867343635,17.7041389735595,8.50549613866351,8.51331800906465,11.91957749895171,10.00555063478278,15.2581626412642,11.47031358337793,10.90441401553248,10.05169023414946,19.3203510324539,17.9524662259606,14.0189541453852,15.8180828821414,13.278538108254,13.3350199558655,12.3211955127041,11.72197043490902,10.71223149104291
14.5893046600586,15.9205894943187,19.6490851703792,16.6386603716382,9.21035702767115,14.3188483729416,14.0998431294364,15.7743541706578,10.57075281267313,8.77009874384203,10.7041517819311,9.40141076203463,8.81859995605926,17.1259442641237,16.2106886523766,18.4954983380005,16.3601136575881,10.54735831423933,21.357611172711,9.65003302625429,8.72402376587355,15.0022694052183,11.6291384178813,12.7134512695275,13.7557285136119,10.41766683422578,10.59720250297157,11.5799004926453,20.2949188248108,16.9405564862817,8.4311855438461,9.0444710988384,10.40282457886805,21.2389032180731,21.992839910706,15.1560101570819,13.3452504276376,17.7366524452757,13.4897345775553,9.20015766926738,13.7573713792714,14.6192873475171,13.6926428001332,11.6849826332497,11.0239517683364,8.60488263630914,10.096572703463,12.6464630071232,10.48892609124089,17.2046080995693,8.56983424485083,8.48446022875596,11.48569314272004,8.75673357494316,15.5096136771531,11.11339086064561,10.91325957956189,9.46757346621012,18.4583045038522,16.7579415070819,14.1877369760952,15.3116941334621,12.8554508544879,13.6123425217635,11.7386435467316,11.71093720587404,10.43243482918437
14.7896504050718,16.2104970868378,19.3153143303899,16.8262031215613,9.8810259403023,15.7431867893784,13.71343240227,16.518819043049,9.9806290313217,9.57156566124265,10.051228496818,8.55160866509287,8.85197808586931,17.6717512165671,16.659272325994,19.0729287637181,17.1492830398761,9.59873211115058,21.0878845461167,10.11659009228375,11.3380278168191,15.4271530977584,12.2797398126382,12.067799260236,13.2343981115299,10.60666633422564,10.95213653570865,12.3767704280921,19.5826520778095,17.7353029028716,8.51867375231449,8.42640768966652,10.81446409620296,21.2748043038916,23.4118116216099,15.8578769929038,13.7151146177946,17.3235147560153,14.3605626652168,10.04990910533611,14.7906352491328,14.3634785489544,14.6343123531875,11.8961042771535,11.2112391357182,10.10617712857106,10.35973652555684,13.3311813763691,10.59604699945046,17.5290781823157,8.44386654510353,10.4483726613591,11.04944550628775,8.99889107791841,15.3930417849163,12.2578167490606,9.63832835436447,10.02566404250242,19.2044700359406,17.7442395631213,13.7119602615021,15.5484022883185,12.9498850583469,14.1294312317534,11.4574207040632,10.80881028370889,10.70812176775813
14.2323524322026,16.0469194823571,19.8230362110986,16.4913971441434,9.59761774837119,15.1315214726901,14.1702458221019,15.7083733124959,10.05453915064674,9.65168168715834,10.4252746907183,8.78400285693628,9.2567700324456,16.9177385245455,16.6757476942247,19.5835171667974,16.3596981502256,10.24180691127904,20.9351908892729,9.90938877022742,13.17524908585155,14.9448066433654,11.8591345539167,11.8917030478961,13.0093738655279,11.74587207988113,10.38912639461463,12.2485315394118,20.727338469039,17.7424583369862,8.5078327599192,9.46753889182428,11.17376990612915,22.6069565463933,21.8314924683943,15.6888659475203,13.5053320950996,17.0856453221058,14.2241340546372,11.73733329297282,15.1881124885152,13.5613414528534,14.8118084037049,11.8079979246527,11.9349781466678,9.97586637193661,10.56319630915708,13.1967045902042,10.1694823110825,17.2848373644491,8.76403186656755,9.49176091216822,11.43936369462554,9.87729350500627,15.6112114149033,11.31900619325155,11.44042735453367,10.24122512549325,19.0054204947673,18.469928759334,14.323115623044,15.4883487912489,13.1262714384501,13.5349029423566,12.133306977061,12.43654238353982,10.90711125255122
15.0880227769741,16.1519106176733,19.6519496526998,17.4319616057032,9.41365265674715,15.1336932399771,13.6812106683564,15.4812281850436,9.64181463474166,9.10341756219866,10.8165060530744,9.67406291962233,8.93467695189875,17.6550837895939,16.6904399825107,19.1819704393602,16.995645895791,9.91907834123993,22.1505541403554,9.79000433468798,10.50102838381885,15.2408621316751,12.1444949861829,11.9922103434341,13.1913745028028,10.94507015094447,10.38154974559499,12.6920410441539,20.354349544364,16.6264873757744,8.27370162270445,9.2262622788194,10.15516643693167,21.4693183687753,21.3125644023937,15.3931725423918,13.4914580663641,17.415851860156,14.2254559933564,10.18867187481771,14.6819675556172,14.1298451784035,15.0976727554905,11.3699952321835,11.1517811316353,10.02298553509081,10.51045855322722,13.1820620371702,10.63726764032763,16.9910812315054,9.11017611562109,8.91948484695224,11.79685792676982,9.11314531942401,15.1796339044124,11.37963570981508,10.15604652650682,9.8285512597105,19.127749144558,17.8624832039165,16.5790974105669,16.0505320728344,13.1180145537337,14.5542446095974,12.1037823949354,11.57398260334099,10.35480701564254
14.0638448703866,16.1030696907085,19.7076629427062,16.2092310207331,9.41059728382684,14.4915890563927,13.664340276444,15.2521326717114,9.35594445305645,9.14672700818368,10.7750480732242,9.9703823191768,9.76590148398036,16.7880207425559,16.6247151381392,19.0575402544129,14.9990125915997,9.7199261069999,21.2276771326774,9.91343951052944,10.31703166022691,14.7443791270641,12.2749146728812,12.8524496043712,12.851441952363,11.07335534734185,11.31517306679282,13.139840353144,20.8458793031013,17.0359979453617,8.80186258727877,9.58908021183539,9.60527281952399,20.983319885545,21.7417094512249,14.8041079588122,13.2255606040547,17.3653027010018,14.1465837422406,10.01973709429734,14.3715970048653,13.4523257122592,14.6989796533188,11.477835741635,11.105845216138,10.30653199463466,10.05579236274057,12.3653047563406,9.79341880617041,17.1194001070247,7.89878025798438,8.77716724361954,11.223861149779,9.20556588018786,15.9496882374342,11.31839289240956,10.45559291069457,9.88904462883662,19.5713625659289,16.5943974714272,14.4508296716153,15.2958766167008,13.1475544366779,14.9346124610371,12.7646606331589,11.19303203666222,9.75834623842369
13.936001495377,15.8043594925604,19.4332706391231,17.1944317382436,9.28659681838802,15.4670630875287,13.9243684616695,15.8432181291887,11.02617088936415,9.91643440482578,11.3568632016382,9.46847851782748,9.97810039830521,17.1436193556636,17.4446956321506,19.0694766697385,16.571334765644,10.0663977174188,21.3268410836374,10.34774074690005,11.76855023467617,14.9708509900675,13.0023693967638,12.6125645705988,13.5887068401228,10.25786866877412,11.03221065250353,11.8675659155068,20.6895580204917,17.6305202538541,8.02786808442321,9.35419741226763,11.44021170259962,21.1297182666753,23.0529884982397,15.5503958619718,14.7235211961795,18.0209170306362,14.0776701019332,10.32066146928646,14.6543053292706,14.38952172514,15.0191739274346,11.9236433341676,11.4233196595716,10.30012268631131,11.04960167196657,14.0522350957437,9.94250688971462,17.5634161792353,8.14916465466522,9.02703670190536,11.48823020740491,9.52306308636624,16.3076668967351,11.41888604663755,10.57604913975932,9.98535964007602,19.066595912726,18.7146128515702,13.5062779396987,16.1244971858791,13.5836082515054,16.418079243754,12.3564206809825,12.49484820763014,10.10932272408782
14.2870274726543,15.7110665565082,19.4136830237626,16.5492819322596,9.65666379646574,14.9193325100644,14.0356863078767,15.6374651576318,9.95391706276071,9.28114941191364,10.4150257257406,10.68687212381129,8.50753943326521,17.3016687793469,16.9701964553283,19.1233685132784,16.0126155909672,10.94903754535228,21.5654764820369,9.96697748609549,12.01972367871138,14.9706919079509,11.3141746818203,12.3948374923405,13.5791655233492,10.95556118043181,10.53600586275975,11.7655296553998,20.3791438226952,17.6633733284884,8.87645711585891,8.68025595365344,10.53548087975388,21.8073363206282,22.911450572678,15.4759309967263,13.5507214292926,17.7621438054172,13.9215224140961,9.95139268199043,15.1157340867345,14.3138469612195,14.1989270277893,11.5577869572955,11.3071534521591,10.16830532105946,10.61494612953109,12.5210184421577,10.03955440072089,16.6377146959097,8.08435549953112,9.25115483866797,11.75612060376325,9.24503501617174,15.0444134089676,11.11863665798587,9.83178414269212,9.5451026530535,19.008246170986,17.578174481534,13.3818902760322,15.6424436782727,13.4665820321208,15.2803948241019,11.8887577449333,11.74047857091696,11.20781049005037
15.0548475886688,16.2969765259805,20.1184665587825,17.6115197689323,9.38611350211915,15.2449874459791,14.4881319639617,16.7076756484557,10.43059126396214,9.18162553302625,11.6983274785802,10.34428214657775,8.70275841691053,17.1784312521742,17.3006992233291,19.546825495697,15.9582082378546,10.65846489052051,22.4737127586392,10.78565421381135,11.6510668253977,15.1647206920217,12.6075311494002,12.4644672225584,13.6446280937027,11.03250306888089,10.79929909796619,13.3048892074398,21.3571262482249,17.9401494113811,8.47479065603302,9.0116742154989,10.89961696394515,20.7998575280792,22.2056632284261,16.1296850374851,14.7638032337186,17.2778114237399,14.5196014009233,10.06281816072707,14.7744776153144,14.1391846763545,15.3897869013828,12.2286976119027,12.0366189064302,9.99875764667418,10.73915380347319,13.3767192328797,9.7999283399747,17.5201053531618,8.43935883128589,9.86296194322566,12.25098443440448,9.69905796213661,16.2395065462586,12.22273034680684,11.77697803099124,10.04006083702202,19.4143865533025,17.4376654395819,14.4155582972216,16.2769682260299,13.0344321720288,14.0598267283195,11.839028575856,13.26391018474662,10.87150702291736
14.7915521215328,15.7370485635649,19.5059028173841,16.6985879763443,8.572914826969,15.4231512694349,13.9889233218032,16.0065188437792,10.2913929098462,9.47027443585757,11.1388717785526,8.58257134114118,9.54992406151728,17.4822081952467,16.6915040272999,18.9059129965277,17.0930858786328,10.50253080999047,21.2282838490942,10.52575428087251,11.86881263130367,14.8823204535766,12.2789780488408,12.4569888540826,13.6087819229299,11.49110825959307,7.98870110455615,11.2236699939292,21.253261126649,17.5754752155592,8.85019578160344,10.09411432174974,10.83482105097894,20.6943495573119,22.7469596925233,15.5748089587483,13.9566081444565,17.5540770993216,14.088445266455,10.79345649177189,14.5952116059845,15.011099999738,14.5531042689397,11.4745884506936,11.4374984258814,9.49548716257478,10.64845146801315,12.7889794350231,9.81962148816698,17.3643291545812,7.76076524987653,9.70231930854068,11.48715044767659,9.73076960795376,15.8389121610263,12.6767240553301,12.02549359334962,10.40252338085218,19.2227095761307,18.4295375563507,13.8628824530114,15.6134354836357,13.0463261545476,13.9279805416443,12.5135475362198,13.89999336296499,11.04720300662071
14.3956393131232,16.0677614600187,19.6565016535329,17.4091842699754,9.4485387261206,15.888926231314,13.6902343638175,16.3927477759653,10.88237546440636,9.12443431887035,11.2155462454039,10.24620545570946,8.91963018131714,17.5947753808842,17.2261756091145,19.2446931385408,15.1303851000629,10.16747713564204,20.2150770877569,10.71665233368608,12.85363570985408,15.3600300363421,12.2291023262234,12.668292579129,13.9017279937889,10.91334881107153,10.89223667928028,11.6563115326185,21.1295832659553,17.7731800476471,8.69693091796515,9.00136715660238,10.26424137375254,20.9425841007284,21.5157224104117,15.8286130933589,14.7827025369542,16.866012416125,13.7288361849777,10.00796544667472,15.0829076393649,14.4252262210148,15.187331145831,11.8441015580374,11.672438836589,11.2876680324248,10.73750048450991,12.8480352796134,10.21496265503462,16.9628577990057,8.06413902674012,9.15782371283983,12.25759881014954,9.87454695708059,16.0857112928469,11.6482186998829,10.45064368335056,9.30052903262436,19.4368486007274,16.6901097427985,14.1167662929996,16.1481355430056,13.1753332032257,15.1550552406589,11.4925468166139,12.95733007383716,11.14483500168816
14.5559813461505,16.2298189807688,19.2912480386021,16.5370852749745,9.6411512150448,15.61104161526,13.6436049290808,15.9069143972632,9.8439455794396,8.82675339885623,10.5380434174436,9.79797672937783,9.34579110806149,17.3040528120322,16.9292248756328,19.265392390953,16.8146650913959,9.68205049627555,21.2931294024342,9.65954240220872,12.26700276301073,15.0740238490985,12.5145425155094,12.3347454090489,12.9767305409999,11.10055530802881,9.52542649660307,12.6940832021492,20.8649359898345,17.57520253535,7.67594488857544,8.91560186975041,10.45781039839352,21.4454353985932,22.0375210554972,15.351035801159,13.7541652954688,17.7999954892584,14.1800601179107,10.53252950859406,13.9360712945627,15.0365861802228,15.0260093782715,11.2556097459074,11.2280113276541,10.2693538712915,10.50473767092459,13.849997334719,10.65668330731091,17.3044130585458,7.71406565037157,9.31511142104283,11.28589518486331,9.73454097499574,14.8581556763189,12.47141397621579,10.47684321305741,9.41168205150647,19.214265781204,17.4510446215803,14.2201560958829,15.6331176409216,13.2443418255394,15.4469909271241,12.2180169491122,10.15026625124204,11.00458525117986
14.4071325127758,16.4351946015959,19.3924936325668,16.5797054991719,9.4405689529304,15.3071209391486,14.1303035332094,16.0375975575064,10.44813398745873,9.27062889518246,11.3502775012286,9.77258201114695,9.05166303081891,17.4880363589141,17.6720404854156,19.616580354169,16.714494120647,9.7587899319833,21.2191416102845,10.24198820602917,12.37512081580472,15.201109579623,12.4843222091951,11.9825376346434,13.8442499561506,12.25672525430961,10.81497090377349,13.5535996699337,19.2760147963757,17.7478008137948,8.57262491594851,9.00779619992216,10.7243526223492,20.9257116481076,22.3028861369922,15.5065807954425,13.4709599097244,17.1330966966248,14.272538644364,9.98626688934858,15.2684913081229,14.4683778410043,15.0319989487611,11.073748469936,11.2055446272191,10.44410421961954,10.6898867334584,12.0158889824112,10.9801962229804,16.9784559190649,8.59419416089854,9.62114660618,11.57226522402491,9.73386235818521,15.1342437422976,12.16869098045815,10.30556196498013,10.24174795083097,19.3603699356882,17.7967004767394,13.5934995034664,15.632122555895,12.6987979608518,15.4060824054089,12.1052285839311,12.45921245588396,10.96723421394512
15.2148669642042,16.1702479745863,19.702015960961,17.2812365325786,9.53645108705173,15.4704018322529,14.7133305919791,15.5213543084133,10.35536840031078,9.63044016370602,11.7943371687336,10.02486196444738,9.6139845680745,17.4466958106187,17.581941489612,18.8770325546613,16.4893277174729,10.2298843837816,21.319348605886,10.58113967990042,11.77609756279516,15.0231988075174,12.9706634377418,12.7736145125809,13.0579994729186,10.73029537196169,11.76267970539078,12.6162183845505,20.6899983269752,17.2923957682349,8.2231368690723,9.39555018960552,10.93661657246183,22.3702050203639,22.1209297156413,15.6647378514428,13.5920961123842,17.4376969609972,14.2163740231902,9.7475968532164,14.5504986461486,14.8636888535236,15.2254755032621,11.5798716544812,10.6859635623239,10.03309414785814,10.4884404014563,13.5746700192466,9.90765200838542,16.6069524656904,7.89072149220013,8.83755965776378,11.68921178510217,9.43415323775428,15.6135223818197,11.28937331479754,10.40731510747924,9.6919617630143,19.4354353384672,17.6200497168728,14.9929301944378,15.2474655241114,13.0658297672551,14.2617916101115,11.9695169222184,10.42830885843267,9.9960720216132
14.6925926695829,16.5477049494029,19.3793279023812,17.5627434942249,9.3994470353072,15.5457971182256,13.7047582736017,16.0646963485964,11.27773655392375,9.66166613665871,11.430332486285,9.73788436974796,9.92134671912699,18.291521378009,17.8097287879807,19.1066935103995,15.8415522792694,9.84119663229847,21.6650310362574,9.90890775734723,11.36802151760998,15.4059678625216,12.7040929164215,11.4203131233983,13.2649328070521,11.7030792087658,11.579498932448,11.9995354605814,21.2226884328669,17.7215349353041,8.42281520009687,8.59357179748736,11.38832353558842,20.849504551148,22.1510103687984,15.6848319055826,13.2795304902582,17.3680461006893,13.6826502842814,10.2767585315258,14.7995996308403,14.7388417611782,15.3950476176189,11.9439331083777,11.4890692286774,10.09124540238712,10.37786852043888,13.6941560951563,10.39408393886335,17.5485145164047,8.52884872605464,9.30272958975158,11.81614430392904,9.27522628610624,15.0335135097105,11.59652456822504,10.58059558514186,9.51489054650315,19.66852292681,17.3886382683309,13.4395186483014,16.2630547524405,13.3058890361383,14.8484162404009,11.9314192720729,11.37966736431797,9.75250371975591
14.4855645450759,16.0394395959885,19.4959737080845,17.2536147729545,9.51698469563372,15.2446394815917,13.8123548242891,16.1786682207158,10.50223960064584,9.60118671367394,11.4459844262189,10.00176319777773,9.05874577823362,17.4245498891074,17.1291445810568,19.2249457286692,17.1012290179172,10.28113193421599,21.6213066245899,10.28480923983633,10.78754851754996,14.9561619420724,12.5004273419417,12.3153981564816,13.7314629896747,11.61977021564305,10.29274884038888,12.4829332756185,20.3271369472424,17.7280660263467,8.04047660529692,9.45064605187338,10.43163532277416,20.3198956017225,22.4865249849485,16.43023879474,13.6384770565628,17.6891924947798,13.9373963751535,10.0561704171932,14.7019505811416,14.4697701880261,15.1919292486558,12.2411262997574,11.1144282778664,9.48250800252262,10.88583452808511,13.409394710877,9.27057978406792,17.8347360639614,8.49431704768723,9.59086430728583,12.09540547222976,9.3379835669336,15.9536522344824,10.94909580494734,10.40687363798008,9.59560531935027,20.0549683791495,17.8669319537702,12.827410678338,15.6258901588996,13.2549483715111,12.7015113432244,11.5247352628327,13.01926907757102,10.64048204079349
14.9868007501724,15.9208621856547,19.2914937846398,16.797956432354,9.38882364424356,14.7871470478922,13.8984796652623,15.891422373126,10.11566416232555,9.84758516116943,10.9013518121279,8.7264085927841,9.7592505570356,17.1326639928239,16.7938757769481,18.4790494071524,16.7136635608693,9.92491251913169,21.3801037210765,9.64685071027358,11.15870455012456,14.4778089919374,12.3614599070836,11.8700174099248,13.3762705173682,10.92395521859793,10.14126478396899,12.1088313623156,19.8859926498512,16.9978897533059,8.66682312766544,8.91197459498997,10.44834333472093,21.2398525636672,22.2991400966428,15.4344452258094,13.717162016381,17.5315067363461,13.7619086251024,10.78546716450656,14.3848827211041,14.0674937828558,14.3589062771801,11.4418750319014,10.6570534879722,8.62039995581161,10.9011019780975,13.538994499947,10.30907645974144,17.4884938869548,7.89123912965393,8.94267947884152,12.07312926409612,8.74705771239814,15.3599419115971,10.56080339102157,10.0395873102772,9.96927669675362,19.2948749144743,17.1565669293807,14.0272655382246,15.7852003932633,13.0184978233314,12.5142189282362,11.4736930421376,12.30678922890491,9.97392871798605
15.1629589784618,16.1746378161095,19.8237733671537,16.8250734995374,9.23561678839966,15.4303855169929,13.5794730821482,15.7830123895627,10.63897370734188,9.39240905396271,11.2585799461286,10.29582826343458,10.09410502286724,17.1445978056303,17.0613481014136,18.4296802517189,16.3595169077526,10.30065911219016,20.7414636103715,9.69502280557516,12.07556742946232,15.7137842038777,13.154049650676,13.1742739621786,13.0719319068507,11.52878178055538,11.17024837944014,12.3687585189851,20.3004013731557,17.6002387368643,8.05373525997166,9.4499701564155,10.56115060998704,20.6762513902307,21.6201859313641,15.9256743985873,13.4267681852193,17.5644126679121,14.4023194406265,9.24130201725722,15.0198342274518,14.404665846885,14.2870689504716,10.934429575566,11.4480839513047,10.48735135252776,10.82334263184692,12.279940429518,10.4365843863428,17.1578084768992,8.41295911102813,8.98997263300988,10.6862693460833,9.63360987190078,14.4839788539885,12.0339189037842,10.56487902572812,9.75901836458532,19.8463399106831,17.1106209781463,13.3098762594384,15.4624239270017,13.221874202862,14.9001103350934,11.8825411944265,10.93259346535871,11.43798558521997
14.4754876673628,15.6616704871382,19.1953431400039,17.3383743711703,9.83339811088824,15.6964697610339,13.0915994122268,16.2372773025777,10.78721462784401,9.46778284653517,10.640788573218,9.50349102044432,8.75590977382858,17.581725042247,16.9075832034367,19.2583721712824,15.4356265941711,11.09530442437232,22.0312926746292,9.92732147967064,12.51196624893909,15.1417632775808,12.1810306290179,11.9297319553077,14.1002668074752,10.6856112583496,10.55570416653933,13.2334030543267,20.8617955509562,17.6026506168315,8.23624805487887,8.7914183748023,9.63540007222609,21.3385129250492,22.020371924513,14.8914866674614,13.6440264612564,17.6120149374778,13.6245919805136,10.20924407901232,15.0217394222462,14.533084166022,15.4599830245301,11.263549467242,11.2822972451201,10.13610926823748,11.24650964178472,12.8158752011052,10.88585860180042,17.7159560469945,8.27208186329068,9.68805763144153,11.09862255474693,9.25014727772957,15.5980553485621,12.64770037029394,10.19210501102914,9.8331161995638,19.2211826269568,17.7076026526295,14.2209592816307,15.5089038593692,13.3571615889732,13.4658740007574,12.1624262789724,12.5299919497415,10.77125615419607
14.3308948616164,16.1227308181529,19.6657314375949,17.1764077928533,9.54713917541933,14.9659575998696,13.388671932022,15.4701656673646,9.28473596128955,9.5458929760796,10.440622579331,9.28375900838845,8.52256737549402,16.8449206028631,16.9298091463086,18.3144128152521,16.226449728305,9.58360864427011,23.2027989844393,10.20107424305324,12.6867445416869,15.2741725351712,12.9039804212629,12.5148005369595,13.1877163210017,11.34336612161157,11.06056855061555,11.5476073897202,21.2830986293723,17.846379161549,8.11764290924852,9.41591341778397,10.71274230046731,20.8791599781524,22.2414729079818,15.1969816179478,13.7718578945269,17.0125023156722,13.5948168132326,10.25446024391429,14.2656438609537,14.2258014082221,14.4614373381332,10.6240612778911,11.465503606422,9.81361393743876,10.57825174951525,11.702861572985,10.29255075663386,16.8392093029975,8.43725108049904,9.83205260918016,11.6300969273147,9.67420884216463,16.2376885556871,11.56097938710355,10.55493158186984,9.5294767517204,19.6792569218006,18.4031894769261,13.8167680627896,15.7639114903081,13.1446076447065,14.0882991154135,11.689201217285,12.39922087859013,10.12850951440935
14.2887836707018,15.9966063988511,19.4056216933564,16.6989317868805,9.44972139376636,14.7558125785595,13.0265357572047,14.9392635288176,10.56929418092954,9.70852805801206,11.6539973483316,10.33204705922357,9.70863837433747,17.0474295880614,16.7054480954408,18.9942747436542,17.449317418751,10.82064113769793,22.0136062598911,10.26178436758161,11.94478266526522,14.5610962975246,12.4441886182761,12.2574960352072,13.5861827661128,11.6888672140901,9.44670865567228,11.801356789259,21.2256529170396,16.8405825041289,8.16262536226039,9.00691144857246,10.71551093644733,20.7794663823605,22.9055160754702,15.2731858195855,13.635259273898,17.2009628005778,14.2538976189348,12.04556132801758,14.0372822136035,14.0678739636874,14.83119165396,10.9862611904585,11.13089200933,10.36685676260651,10.04932546721496,13.6266974413656,10.51924009311677,17.4186756383244,8.81487516643802,8.95862910513273,11.04718544490169,9.13428945312035,14.456809370815,10.23937986581114,11.21239740402131,10.00215713116055,19.4397201964569,17.8498923533874,13.7024105218337,16.1971461090023,12.8674517233655,13.9325119351775,12.5634283993632,12.1076430891459,10.51159181766341
14.4517425974755,15.841082765271,19.8372615675336,16.6537577261675,9.21189115772612,15.1571704354749,14.251381481594,15.1788688806753,10.47390211964473,9.2352817148765,10.3933355070203,9.6270770679637,9.11214340322808,16.7976299437699,16.4107312079102,19.7136607127135,16.2837844303156,10.0581706991924,21.1197642728966,9.95973316862679,11.47057214499604,15.5110189319553,12.3051687998579,12.9236101062394,13.2054594029426,11.58454394046982,11.50705905219128,12.5695201734157,20.8236155158623,17.1138925818693,8.7111407356181,9.1796671696084,10.59575436876421,20.3465320492511,22.1698092250485,15.5534288327703,12.9807672182763,17.2990492475851,13.9509470525272,11.39717773213466,14.3935134088044,14.6235950873372,14.7753611658732,11.206021923939,11.1841379379585,10.55927212611895,10.2858948560657,13.2507455099331,10.13472616969877,17.2122179980671,7.79268942380656,7.97793554875241,11.49130898322582,9.53979555912064,15.2295427491031,11.61415409154596,10.08349589865882,9.79618483088965,19.6106100932538,17.7521905556906,14.0058095614384,15.6687432459946,12.9265165679301,15.8490946682726,12.1100932551226,11.63899293183248,10.05027215753478
14.8173153702372,16.8408037891411,19.4370401284207,16.9601122324722,9.76294907070339,14.4986189849422,13.9002275573841,15.1966924855061,9.93631451160195,9.59376823535624,11.5809362057204,9.2223506193797,9.64003422757178,17.8859652286961,16.4126884970433,18.8736999395687,16.9207585302878,9.84010605896917,21.266691572382,10.14995436862738,11.54148216718667,15.2919342506922,12.6921229863257,12.4247035859316,13.0169277633175,11.42720391761408,11.01676600801631,12.7159227274371,21.1068774430898,16.5293973185889,8.92344921588725,9.10004727144045,10.34824965120631,21.5116708945977,21.9371814899763,15.1796925721291,13.4729637253772,17.5038204195338,14.0104866732619,9.88326691738534,14.2110571020385,13.7008482144842,14.8807894629013,11.6399114482635,11.5851464122134,10.38765256736473,10.63048790968821,13.802794258392,10.14911250365105,17.3432066990622,8.35381017993093,9.44863587793469,10.85321248790714,9.01891708774166,14.8010481692334,11.84111035995708,10.03231330639772,9.3777355063756,20.016255016508,17.2758355305702,13.3688261180126,15.3720420930221,12.9082325499197,14.192996567903,12.2385957717692,11.2640670718368,9.75117705546599
14.6973052362456,16.2587767920018,19.7303018264641,16.8969179990595,9.5302590251656,15.1874706757017,14.069305366567,16.2308493347137,9.67306986217581,9.26026412777202,10.7017360996438,8.61210624254789,9.52639245001738,17.0034047268911,17.0327091138186,18.6319472943161,17.4697231221372,9.05031118817597,21.7594502497857,10.22991728450171,12.54815643131088,15.0923905053824,12.1086662977798,12.5747551617939,13.3221412522609,10.77791329384595,10.70853907588011,10.611908160451,21.017722765788,17.421670923902,7.90422481092509,9.09183606874615,11.14795052198844,19.3771209522193,22.8984173563709,15.4836953568988,13.9694583620222,17.6398420667644,14.0042313854164,9.94290893479627,14.9476105086765,13.7797085976537,14.7578207006208,11.7814936821546,11.094990752085,9.50995714230365,10.85953191421548,12.5765814839768,10.51407047140908,16.4132011128095,7.86568228224758,9.41730405306576,11.23919021135872,9.50156664362598,16.4773516741685,11.12784362642038,11.17161266910904,10.02597626340854,19.1842035854226,18.1070590014525,14.0373985967566,16.5400922406458,12.9430860676848,14.4579388018489,11.6896820717487,11.91635258668747,10.85044895849606
14.5980286029747,16.0867627263552,19.4684470139759,16.9272485405633,10.12218034008631,15.4615171737423,14.1350719563054,15.5307785438825,10.6788785216226,9.4233139921283,10.6659305141001,9.14589900289858,9.50104760412332,17.3822391035216,16.5267849660951,18.6908609434328,16.2030720303409,9.4807680829587,21.8375295415193,9.52141506132102,11.22056067027192,14.9229858078833,11.9065671307565,12.7432466157677,13.8892100085758,10.65973123749587,10.68741735076904,12.1930438145765,19.5450315719789,16.76312961425,8.37977575328888,8.52332115175385,10.69914697202331,20.6857535269056,22.4733005416124,15.5278405276825,13.7888828738128,17.2190991551111,14.0321940241322,10.42057692507159,13.4933501584551,14.0840605036285,13.9711825134257,11.5128551765571,10.7521640157462,10.4562724412704,10.54875104640474,13.1584468757697,10.44722198969144,16.8467302989975,7.72056613240725,9.04070321217497,10.8174785411337,9.44194892419082,15.3808057332722,11.03907527884518,10.9413516548966,9.87675473199424,19.3588177189265,17.0989833647901,13.8672965445704,15.5846605927493,12.7768993700938,14.709504245962,11.9517534917255,12.66482585836395,10.39820489461018
14.6911360140516,16.4879566056495,19.4661671500355,17.0683849619533,9.62530660320036,16.0005149029153,13.180015640803,16.034434065419,10.98434187728168,9.79306010166446,11.0897256093998,10.10283276957224,9.37844353241367,17.4307333733719,16.5665837641673,19.2256819572026,16.5385969899565,9.94532011935837,21.3460863636082,10.53376230001624,11.99148889015983,14.9736041620509,12.7891295434897,12.4065429995754,13.9119118198006,11.34412154627368,11.41994384266779,12.510352869597,20.5027201073531,17.6713025785582,8.29096126512103,9.072989107984,10.31740907624526,21.2370205999327,22.2444893280037,15.6683126923232,13.7066864739115,17.4650287720706,14.3579450629385,9.59877987189538,13.6567057904444,14.362309058042,15.3268647011549,12.2758438378968,11.7469570191863,10.20888074648787,11.26410200344618,13.7961406985766,9.97717381511758,17.5055734792257,8.63504238314223,8.49055901531902,10.81414952727747,9.60239153905304,15.9117671135523,11.7110544364319,12.00023766139708,10.50693118175108,19.9162853240913,16.7328451876664,13.943781624437,16.3055235745397,12.9670598768566,15.767441701701,12.1304286092519,12.0073729797975,10.15733397005074
15.2364262400182,16.0157269490819,19.1872382066896,16.4900951058769,9.40147600675563,14.6659343701002,14.2744139976875,15.3016120455452,9.9551264948739,9.58931998276053,10.7244643935722,8.90311837981869,9.40956797854309,17.211062879729,17.0474385044259,18.5409169216376,17.1091121129069,9.82894636025194,22.03722523278,9.45718002284245,11.57796556037981,15.0308444929386,12.5411853286292,12.6785350133376,13.1974506542828,10.39409570817998,10.37223628935581,12.8419271768839,20.2799929009362,17.1372301041313,8.62005564434877,9.22562872753126,11.01460494112405,20.9982529006397,22.8910793547365,15.5010576112799,13.7365416657035,16.9634653558832,13.8683423077836,10.75943714607808,14.9576605079675,13.6632259031019,14.4609421297073,11.7962848244172,10.9034525998946,8.97421338048516,10.43275143448978,13.040697803235,9.92645967644603,17.0917323929048,8.29734038734056,8.99421301904936,10.8802376460169,9.48980587302678,15.5325695400535,12.26593909284739,10.51378566549622,9.79240120303333,19.6105957094498,17.1372250775747,13.5673062961383,15.6486794914143,13.1144672172457,15.181576173134,12.150649674881,12.3550938705575,10.00027277366078
14.0930779482555,16.2723359395733,19.7162547500377,17.0840128174109,9.44637543237862,14.3971014286075,14.0932530466886,15.7921326087086,10.11593850229382,8.74475380902926,10.8892666879713,8.24805361756901,9.25628884913291,17.166572844017,16.8384169591136,19.5143772353628,16.2713539518036,9.90128359496775,21.0155712658436,10.88882133354104,12.7732651681251,15.2753116016069,11.8001060104194,12.6445606756001,14.1766833679203,9.93195128796712,11.98242040477528,13.1557269971263,19.8166115771143,17.4283443272464,8.29346898787931,8.83074380742655,10.60772653223178,20.7011012925695,22.1570203809017,15.3201107853582,13.5827639965127,17.5390069260459,14.437023195986,9.76136247313222,13.8720800898746,13.8267538178845,14.7778182802874,12.0913142207582,11.2157595621032,10.43685911856749,10.998633336557,12.9113575508515,9.9290350764769,16.5374222121275,8.42599215643778,10.0474943897727,11.34940578699544,9.76722629039352,14.94361852444,12.18079356353139,11.63165181496182,10.41222998955157,18.5163895757273,17.0438320048082,14.6222340306726,15.8890679545146,13.0926014100452,15.2195995939564,11.2860154423898,11.76951944718965,10.67530645278859
14.2029420172015,16.2003564673718,19.42473562285,16.8648439115936,9.7378165336832,15.0800289009787,14.4434360373025,16.6842904050003,10.97783999996449,9.74118711980498,10.6740904919093,8.71828069420258,9.49636260424114,17.2298777216936,16.8075491571235,19.0362102879457,16.3449833241255,9.90738003676298,21.898922774816,10.29947315100216,12.48348213068806,15.4639102746855,12.5468026540908,12.5574813904433,13.450684367427,10.5411382090693,8.94378784307658,13.2365336934267,20.9113844374812,17.3155334629405,8.1028955141854,8.72416271010532,10.48045264563555,21.1472807329208,22.5205773935412,15.2391272091096,13.9619518892157,17.5474127812744,13.9966205813656,9.626488662335,14.6148461179193,14.1376747273435,14.675702105855,12.0935992167102,11.0747992821877,9.70772748661933,10.54182972929587,13.3808106965638,10.89442963625799,17.0697556811252,7.83142025417864,8.78416877448344,11.09013617410845,9.27600883782707,15.1372895933928,12.03311997327567,11.29607780967296,10.33802405643691,19.4651417962411,17.9330835901226,14.3796659541654,15.5417275240223,12.7429721288783,15.756516543643,11.6661437692397,11.2695330641576,10.49288921600085
12.8753393585812,16.777162037198,19.607836429074,17.5064713589835,9.39932076326713,15.51788084948,13.2798148637887,16.4068671285668,11.0534232205752,8.90039268771039,11.2623502571104,10.0172942135344,9.4730424345392,17.2890859492023,16.8625134065048,19.3090656851162,17.210120170595,9.86616394215162,21.4540402587199,10.42301341507702,12.28270613971915,15.2604469303697,13.0157992075967,12.4427203824182,13.122295927977,10.61067089110324,9.9054356407611,12.2065020419959,20.9294736366347,17.4470690663145,8.69121537044684,9.15577523979041,10.73866681315059,20.9575297267914,22.4400014636799,15.1935167366992,13.5107754636755,17.3955867550814,14.1894136846245,9.96436671196821,13.8938573189004,15.1891326891246,14.8312421519055,11.8590222756969,10.8032659938046,9.93691796980514,10.28112972964534,13.9074431855416,10.47186769382018,17.0010405413765,8.83107035784129,8.76393064195864,10.70933839496775,9.98270390184352,15.517002747562,12.33173903382406,9.89042339629583,9.85943007201413,19.8861494366813,16.27213344601,14.9345604290954,15.8453295814545,13.2638238295229,14.8574194892418,12.7357711455847,11.55524503728374,10.634804309846
14.4507385562131,15.9113153126352,19.589714286681,16.3025724146907,9.48402137057715,14.8558096452991,13.8843527018952,16.0877420513376,9.68358265833782,8.94915671627066,10.6307311909968,10.03248851045254,9.14995196791061,17.4361883238914,16.8641630501435,19.6122403847645,16.1691256098329,10.67639006864926,21.4036725154034,10.16689100448212,12.16033099470697,15.1248307635611,11.5256346593859,12.2381867694742,13.1109371791554,10.36570656729294,9.89526333706109,13.5740130220912,20.0051841344448,17.5878711230185,8.20581298618616,8.63780091284448,10.42602780535968,20.1538733599569,22.340724893018,15.4756113319564,13.9539564325558,17.7386951242444,13.8042302868281,9.31096762080888,13.7386611801028,14.4190765874806,14.1580529760444,12.0966076771414,11.1603720524358,10.39963466261921,10.90055793855879,12.0168775939178,10.62213531554203,17.6266313594016,8.27843520235762,8.78392965213101,11.69984828330196,9.53189345909136,14.566635863113,12.22524257491452,10.31918723516024,9.44688389239527,19.3115839715368,17.0626652857564,13.1129941831916,15.9728666429803,13.1883544821339,14.5662607926048,12.1596954905921,11.48377981097474,10.7155767016388
14.3478689409861,16.2681592582424,20.2602702867808,17.7131485310025,9.84100802850018,15.8955781039184,13.9010852401402,16.4270460449124,11.19285006141087,9.63868033528351,11.4689221866232,9.6842725963015,9.13945381956191,17.3355197744951,17.1302890498663,19.2476687014915,16.6797312745754,10.60993487606212,22.5970693551115,10.1388343736165,12.68498853322488,15.8282128015892,12.4253711782038,12.2634544898363,13.8895035749267,10.32673456393511,9.90062283191099,11.3359997142432,19.9722262610197,17.5579557911651,9.1869316748518,8.61396284463548,10.70731242254518,20.6822644486659,23.1595351958785,15.7848944609642,13.9006031002619,17.8547265300487,14.043104014414,9.04955293949635,15.3983331554364,14.2368750476313,15.0164023568056,12.0804685848403,10.924449568745,10.4635138100281,10.47795878273859,13.6581891662274,10.30560672007659,17.257470730678,7.86579185363867,10.46315732537133,11.29858763579363,9.19094832239002,15.8446121962573,12.53566265881293,11.80197623847817,9.75914662918883,19.1361105253795,18.2809859932525,13.161698133469,15.9228923704505,13.4240522097061,14.6948232846456,12.5717221423676,13.10634806289653,10.34004110218384
15.9733672065022,17.0825877698418,19.6854270191513,17.6622304585179,9.70662857855478,15.6140059386536,15.381765423157,16.5185600195031,10.96920566906176,10.12546120016467,11.3812371934139,10.16890657823068,8.84544311686818,18.2835693723566,17.4663797265425,19.7961369690512,17.3854095894232,10.76430985898729,22.5034534512542,9.9889675089834,12.39337026715228,15.5476211921294,13.1562398388337,12.2807602895496,13.4398835835385,11.17894148029159,10.90987319373098,12.882222569889,21.1193076984,17.9201307216215,8.1902144775153,9.17911653654187,10.96299225074754,21.2519362519914,23.0298387819548,15.6192342173372,14.1389112012409,17.3899460058741,14.639696719196,10.18377961900803,15.3245764676702,14.4425574607275,15.0376746666434,11.7139508159082,11.5578463400635,10.18219059508366,10.13625410866115,13.6068523248589,10.1023964934421,17.4080254632866,8.38776008174749,10.40369106642407,12.56967872330057,10.02524243674096,16.2144126374788,12.38660853277528,11.60367939752863,10.48361882145444,19.7042262174219,18.614220271115,15.1288750428825,15.9849282952799,13.3018026625652,16.5971149839579,12.2050797404288,13.32165288992302,10.50324119874378
14.5156359644002,15.7132295933772,18.9064223359248,17.281006238054,9.53395442703453,16.1270619431125,14.1980787451425,15.7415021307372,10.69263695691092,9.66534603367258,11.8335491111428,10.16942605150285,9.77545540562626,17.3235532254101,16.6037163606675,19.1483457400082,16.4817612792178,9.6980105220049,21.4281125071447,9.81109600970056,12.16310521631262,15.2683483839648,12.455007438898,12.9675101150399,12.7496009457187,11.1273830812358,10.63013270293636,11.4255547492157,20.510024314161,17.7014194574903,8.4718879436434,8.67656828195791,10.51451578105476,21.6381011038003,22.2162082548713,15.6430104164609,13.4604322864266,17.2326783948882,14.5395515199065,10.45239383751101,15.3008840274802,14.5419838488663,15.4321050860932,12.4213306180123,11.5642777456679,9.89359531097406,10.92723286921018,13.4814561129469,10.37759972493258,16.9649911195699,8.48999577908746,8.86281282339529,12.21188363038013,9.24970337306096,15.3409171007006,12.60748796951342,11.53974470834437,10.41237430039467,19.1802628267774,18.2015180000603,13.4414461641478,15.5746416299618,13.138400689723,13.4704883300838,12.1181660351009,12.14989979713766,10.53799140361026
15.3475428256388,16.552359857703,19.5221193490769,17.5010038696946,9.86248981304899,15.5301740509192,13.5085832652616,16.6983363134089,10.67715755446876,8.89778935805858,10.6344664930573,10.2591468960468,8.95864316743684,18.3212458837169,17.7347774387542,19.5384285128632,14.9453806978955,10.31501716298618,21.9284182079359,10.78720389357421,13.0611930683166,15.5053603747253,12.7206176937602,11.5390215584722,13.9520058362559,10.89789452034874,10.4165947814667,12.7487716090987,20.9351225375381,17.5289687499407,7.61932986124201,9.40369127887342,9.74463819669366,21.1695866484877,22.0157855852048,15.7998202425109,14.9577317565361,17.5369801923492,14.029527102569,10.36279135657211,15.0728208988876,14.3360417810199,15.3146655277859,11.6740441179769,11.1537490226224,10.75990333598896,10.88429222139939,13.5241944980584,10.36957184737909,16.5965098577125,8.39153375918534,9.06767021579605,11.43138409860305,10.17625437873289,16.6725153841562,12.60280606883386,10.72499845675039,9.43031898824564,19.4982213082189,16.6203631205266,14.1042686131963,15.725594444543,13.6594726901222,14.8767731442432,12.2848185987567,11.24627661867808,11.04548143272165
